-2.574217e+03,-4.865304e+03,1.915699e+06,0.000000e+00,0.000000e+00,-8.534730e-01,-4.322310e+00
4.931269e+03,-1.569195e+02,3.826694e+06,0.000000e+00,0.000000e+00,-4.681662e+00,-4.690645e+00
4.326404e+03,3.878795e+03,2.956654e+06,0.000000e+00,0.000000e+00,-2.122130e-01,3.333543e+00
-3.136648e+03,2.356527e+03,5.752709e+05,0.000000e+00,0.000000e+00,1.986586e+00,-1.443959e+00
1.383000e+03,4.082105e+03,1.470007e+06,0.000000e+00,0.000000e+00,-2.350284e+00,-1.225060e+00
4.162012e+02,-4.907182e+03,4.997331e+06,0.000000e+00,0.000000e+00,-4.870981e+00,3.424973e+00
3.524702e+03,-3.298902e+02,2.680412e+05,0.000000e+00,0.000000e+00,4.767476e+00,-3.032453e+00
3.569729e+03,-3.557862e+03,4.003316e+06,0.000000e+00,0.000000e+00,2.293976e+00,4.857906e+00
-3.165943e+03,-2.397893e+00,2.349315e+06,0.000000e+00,0.000000e+00,4.709913e+00,-4.922970e-01
-4.042081e+03,4.740816e+03,1.951180e+06,0.000000e+00,0.000000e+00,1.806704e+00,-4.733307e+00
-2.687589e+03,-3.126091e+02,4.898055e+05,0.000000e+00,0.000000e+00,-8.459000e-01,2.962942e+00
-1.835974e+03,2.785344e+03,4.142472e+06,0.000000e+00,0.000000e+00,-1.285960e-01,-1.309512e+00
1.028455e+03,-4.757356e+03,4.055564e+06,0.000000e+00,0.000000e+00,-1.442074e+00,3.061091e+00
-2.251229e+03,3.598174e+03,4.755100e+06,0.000000e+00,0.000000e+00,2.772762e+00,1.808375e+00
3.351854e+03,4.611296e+03,3.527129e+06,0.000000e+00,0.000000e+00,-4.262488e+00,3.685710e-01
4.571856e+03,-8.193498e+02,2.093889e+06,0.000000e+00,0.000000e+00,-1.183830e+00,3.369275e+00
-2.599378e+03,2.262112e+03,2.158069e+06,0.000000e+00,0.000000e+00,-3.833091e+00,-2.760868e+00
-1.904120e+03,-2.551986e+03,1.885174e+06,0.000000e+00,0.000000e+00,3.075394e+00,-1.852636e+00
2.752296e+03,-2.166659e+03,4.981749e+06,0.000000e+00,0.000000e+00,1.328673e+00,1.009109e+00
9.480224e+01,3.341286e+03,9.972193e+05,0.000000e+00,0.000000e+00,-4.640192e+00,2.300052e+00
-3.020888e+03,-2.068025e+03,3.851738e+06,0.000000e+00,0.000000e+00,-2.852496e+00,-1.907800e+00
-4.393373e+03,5.759011e+02,2.084588e+06,0.000000e+00,0.000000e+00,-3.840551e+00,1.855453e+00
4.599508e+03,3.930884e+03,6.806731e+05,0.000000e+00,0.000000e+00,4.978002e+00,-4.720267e+00
-3.519353e+03,2.297503e+02,3.206701e+06,0.000000e+00,0.000000e+00,4.891461e+00,7.813300e-01
1.805304e+03,1.749784e+03,1.810237e+06,0.000000e+00,0.000000e+00,4.147100e+00,3.036930e-01
4.176107e+03,-2.168912e+03,1.044948e+06,0.000000e+00,0.000000e+00,-2.818430e-01,3.065783e+00
-3.383106e+03,1.429839e+02,4.065592e+06,0.000000e+00,0.000000e+00,-4.358315e+00,-2.037580e-01
-4.566905e+03,4.029151e+03,1.472512e+06,0.000000e+00,0.000000e+00,1.857301e+00,-4.339667e+00
3.212199e+03,-2.572255e+03,1.551291e+06,0.000000e+00,0.000000e+00,-7.445900e-02,-1.438206e+00
-1.920095e+03,-1.030183e+03,3.545854e+05,0.000000e+00,0.000000e+00,3.865166e+00,1.840321e+00
2.822650e+02,4.028195e+03,3.432522e+06,0.000000e+00,0.000000e+00,-4.366840e+00,-3.478596e+00
-4.762350e+03,-8.105701e+02,8.739720e+05,0.000000e+00,0.000000e+00,2.527513e+00,-9.683600e-02
2.477438e+03,-1.707254e+03,5.878904e+05,0.000000e+00,0.000000e+00,-3.818721e+00,-1.250148e+00
-1.230304e+03,2.287448e+03,7.240995e+04,0.000000e+00,0.000000e+00,-1.179871e+00,-9.500400e-02
3.275766e+03,-4.203353e+03,4.619841e+06,0.000000e+00,0.000000e+00,-3.819576e+00,4.382517e+00
-3.040265e+03,2.261176e+03,4.289320e+06,0.000000e+00,0.000000e+00,-3.963623e+00,3.389103e+00
6.511039e+02,3.104008e+03,2.034852e+06,0.000000e+00,0.000000e+00,4.349771e+00,-3.391256e+00
3.160547e+03,-6.826036e+02,1.240509e+06,0.000000e+00,0.000000e+00,3.305228e+00,9.621860e-01
1.457790e+03,1.081689e+03,2.477337e+06,0.000000e+00,0.000000e+00,-1.956176e+00,2.556273e+00
3.286104e+03,-4.444945e+02,2.190728e+06,0.000000e+00,0.000000e+00,3.974308e+00,-3.810556e+00
-4.010067e+03,2.807460e+03,4.987671e+06,0.000000e+00,0.000000e+00,3.981670e-01,1.988494e+00
6.127713e+02,-1.152143e+03,4.628864e+05,0.000000e+00,0.000000e+00,4.293861e+00,-3.073516e+00
3.412548e+03,4.693770e+03,1.592237e+06,0.000000e+00,0.000000e+00,-3.720005e+00,-2.116136e+00
4.099351e+03,-2.209471e+03,2.090713e+05,0.000000e+00,0.000000e+00,2.555072e+00,3.090002e+00
3.662446e+03,4.735416e+03,1.567943e+06,0.000000e+00,0.000000e+00,-3.220430e-01,-2.569570e+00
3.234426e+03,9.961586e+02,3.718494e+06,0.000000e+00,0.000000e+00,-1.723340e+00,-4.168233e+00
4.511408e+03,3.230813e+03,2.635606e+06,0.000000e+00,0.000000e+00,-1.891981e+00,1.469643e+00
2.851705e+02,2.860982e+03,4.762460e+06,0.000000e+00,0.000000e+00,1.531020e-01,3.192543e+00
-2.929172e+03,-5.882923e+02,3.785853e+06,0.000000e+00,0.000000e+00,2.505707e+00,3.413310e+00
-2.504482e+03,-2.824715e+03,8.813165e+03,0.000000e+00,0.000000e+00,1.077654e+00,2.124931e+00
3.710789e+03,-2.762233e+03,7.487877e+04,0.000000e+00,0.000000e+00,1.806957e+00,-4.738050e-01
-3.246392e+03,-2.116004e+03,6.569552e+05,0.000000e+00,0.000000e+00,-2.276938e+00,1.500101e+00
2.196401e+03,4.907500e+03,2.676910e+06,0.000000e+00,0.000000e+00,-3.519980e+00,-3.038380e-01
3.388953e+03,-1.867735e+03,1.991141e+06,0.000000e+00,0.000000e+00,-4.947201e+00,2.391313e+00
8.010553e+02,3.336019e+03,1.739062e+06,0.000000e+00,0.000000e+00,1.660531e+00,-1.450027e+00
-5.994437e+02,-4.850829e+03,3.558257e+06,0.000000e+00,0.000000e+00,2.067672e+00,1.355772e+00
-3.536349e+03,4.575881e+03,9.188721e+05,0.000000e+00,0.000000e+00,1.797196e+00,-4.518731e+00
3.683721e+03,2.303914e+03,3.438862e+06,0.000000e+00,0.000000e+00,-1.267405e+00,-1.283296e+00
1.636452e+03,3.854993e+03,2.933713e+06,0.000000e+00,0.000000e+00,-1.353064e+00,-9.391480e-01
-4.254432e+03,-4.243537e+03,1.938344e+06,0.000000e+00,0.000000e+00,3.129830e-01,3.009040e-01
-2.709871e+03,-4.803987e+03,2.196925e+06,0.000000e+00,0.000000e+00,2.267334e+00,-2.917089e+00
2.492216e+03,-3.332495e+03,2.875655e+06,0.000000e+00,0.000000e+00,-2.887509e+00,-3.639740e-01
2.692331e+03,9.857707e+00,3.392474e+05,0.000000e+00,0.000000e+00,-1.705283e+00,-6.990430e-01
1.184972e+03,-4.167904e+03,2.519787e+06,0.000000e+00,0.000000e+00,4.947468e+00,2.090535e+00
-4.371297e+03,1.607789e+03,3.553222e+06,0.000000e+00,0.000000e+00,2.825645e+00,6.176690e-01
1.169365e+03,3.519591e+03,4.381637e+06,0.000000e+00,0.000000e+00,-8.338820e-01,4.943923e+00
2.515978e+03,-3.960777e+03,3.113545e+06,0.000000e+00,0.000000e+00,3.542728e+00,2.631447e+00
-3.277436e+03,-3.860598e+03,4.964429e+06,0.000000e+00,0.000000e+00,-8.568570e-01,-1.198571e+00
-4.374992e+03,-4.906946e+02,3.947833e+06,0.000000e+00,0.000000e+00,-2.715418e+00,1.972920e+00
-1.131226e+03,-2.523513e+03,1.157514e+06,0.000000e+00,0.000000e+00,3.492832e+00,4.025884e+00
3.039277e+03,1.135339e+03,3.317295e+06,0.000000e+00,0.000000e+00,2.384693e+00,-4.709760e-01
4.310071e+03,-6.386197e+02,8.589546e+05,0.000000e+00,0.000000e+00,-2.269313e+00,-3.477980e-01
4.554572e+03,-1.304750e+03,3.036994e+06,0.000000e+00,0.000000e+00,3.323020e-01,4.996772e+00
7.526954e+02,5.521539e+02,2.525007e+06,0.000000e+00,0.000000e+00,4.080920e-01,-1.191037e+00
2.243845e+03,2.299402e+03,5.223724e+05,0.000000e+00,0.000000e+00,3.857404e+00,1.395721e+00
-2.124809e+03,-1.670533e+03,4.174117e+06,0.000000e+00,0.000000e+00,3.601695e+00,3.695934e+00
-2.435074e+03,3.716676e+03,5.885077e+05,0.000000e+00,0.000000e+00,-3.070860e+00,-1.943024e+00
3.590942e+03,2.960180e+03,3.373272e+06,0.000000e+00,0.000000e+00,4.002268e+00,-3.876527e+00
-2.782522e+03,4.154448e+03,4.400340e+06,0.000000e+00,0.000000e+00,-2.142109e+00,-2.426804e+00
2.711586e+03,3.617626e+03,3.221188e+06,0.000000e+00,0.000000e+00,1.842912e+00,3.829279e+00
-1.303287e+03,-4.337527e+03,2.089105e+06,0.000000e+00,0.000000e+00,-1.982221e+00,4.804666e+00
2.020294e+03,-4.926350e+03,3.915547e+06,0.000000e+00,0.000000e+00,2.033184e+00,1.726882e+00
3.705224e+03,3.696689e+03,2.622179e+06,0.000000e+00,0.000000e+00,-3.228131e+00,4.803440e+00
1.421368e+03,-1.069365e+03,1.089565e+06,0.000000e+00,0.000000e+00,-5.275370e-01,3.685686e+00
-4.683600e+03,2.737258e+03,4.910432e+04,0.000000e+00,0.000000e+00,-4.575329e+00,2.448253e+00
-2.211565e+03,2.335157e+02,4.848908e+06,0.000000e+00,0.000000e+00,-3.976724e+00,3.196865e+00
-2.954561e+02,4.269861e+03,4.274541e+06,0.000000e+00,0.000000e+00,-7.339590e-01,4.347527e+00
-1.121478e+03,1.322310e+03,4.531792e+06,0.000000e+00,0.000000e+00,-3.526483e+00,4.027150e-01
-1.568775e+03,3.597036e+03,1.897509e+05,0.000000e+00,0.000000e+00,3.118803e+00,-2.285146e+00
3.555882e+03,3.703838e+03,2.704394e+06,0.000000e+00,0.000000e+00,3.480840e-01,2.433050e-01
-7.696071e+02,-4.787259e+03,2.772291e+06,0.000000e+00,0.000000e+00,2.630451e+00,-1.310900e-02
-3.206297e+02,1.176025e+03,2.302758e+05,0.000000e+00,0.000000e+00,-4.676036e+00,-1.302600e-01
7.133308e+02,-1.048954e+03,2.614622e+06,0.000000e+00,0.000000e+00,2.725027e+00,-4.686680e-01
3.088948e+03,-4.052149e+03,2.644267e+05,0.000000e+00,0.000000e+00,3.269354e+00,-1.963145e+00
-4.573091e+03,6.413159e+01,1.429799e+06,0.000000e+00,0.000000e+00,-3.906418e+00,4.826870e+00
-4.803550e+03,-3.265887e+03,2.621733e+06,0.000000e+00,0.000000e+00,1.758545e+00,-4.135555e+00
3.731801e+03,3.825660e+02,2.393801e+06,0.000000e+00,0.000000e+00,6.533000e-02,-2.001599e+00
-8.699683e+02,-1.558058e+03,4.357963e+06,0.000000e+00,0.000000e+00,3.389422e+00,-3.978285e+00
-3.035012e+03,5.538908e+02,2.121655e+06,0.000000e+00,0.000000e+00,2.142401e+00,-2.666611e+00
2.273935e+03,-1.972982e+03,2.542425e+06,0.000000e+00,0.000000e+00,-4.078762e+00,-1.746595e+00
4.984530e+03,4.994474e+03,3.558760e+06,0.000000e+00,0.000000e+00,-1.000526e+00,4.152775e+00
-4.314153e+03,2.030788e+03,3.231089e+06,0.000000e+00,0.000000e+00,4.669674e+00,3.215326e+00
-2.186427e+01,2.527193e+03,4.764794e+06,0.000000e+00,0.000000e+00,-1.367902e+00,-3.214730e-01
-3.004808e+03,-1.803929e+03,3.186265e+06,0.000000e+00,0.000000e+00,-2.063796e+00,3.772847e+00
2.325625e+02,-1.322224e+03,1.189301e+06,0.000000e+00,0.000000e+00,1.994704e+00,4.990006e+00
-2.971415e+03,-5.781978e+02,3.614891e+06,0.000000e+00,0.000000e+00,-4.207373e+00,-3.313477e+00
3.928218e+02,2.156097e+03,1.259525e+06,0.000000e+00,0.000000e+00,2.506797e+00,1.741023e+00
1.372414e+03,-3.837252e+03,1.155032e+06,0.000000e+00,0.000000e+00,6.655300e-02,-1.442118e+00
2.322594e+03,-4.156918e+03,4.839991e+06,0.000000e+00,0.000000e+00,-3.716258e+00,8.562400e-01
8.195527e+02,4.221868e+03,9.683112e+05,0.000000e+00,0.000000e+00,3.645393e+00,-1.884149e+00
3.112539e+03,2.442987e+03,2.145301e+06,0.000000e+00,0.000000e+00,-3.036581e+00,4.176287e+00
8.590316e+02,-2.255259e+03,4.306356e+05,0.000000e+00,0.000000e+00,2.153230e-01,-1.066623e+00
3.262582e+03,4.222741e+03,3.306002e+06,0.000000e+00,0.000000e+00,2.782696e+00,-1.232394e+00
-2.852089e+03,4.945204e+03,4.520034e+06,0.000000e+00,0.000000e+00,1.264175e+00,-3.015819e+00
3.135544e+03,-9.122225e+02,1.638407e+06,0.000000e+00,0.000000e+00,-1.757085e+00,-1.326821e+00
1.184747e+02,1.203846e+03,4.019265e+06,0.000000e+00,0.000000e+00,-1.584233e+00,3.790534e+00
-2.497045e+03,2.161620e+03,2.670247e+06,0.000000e+00,0.000000e+00,2.512576e+00,-1.133265e+00
3.215538e+03,3.547508e+03,3.983121e+06,0.000000e+00,0.000000e+00,3.448872e+00,-4.802235e+00
-1.167507e+03,-2.288699e+03,4.417099e+06,0.000000e+00,0.000000e+00,1.203942e+00,4.648013e+00
-8.381017e+02,4.025043e+03,1.951297e+06,0.000000e+00,0.000000e+00,-4.256007e+00,-7.028480e-01
-2.762099e+03,-2.604241e+03,2.760704e+06,0.000000e+00,0.000000e+00,3.141558e+00,1.684670e-01
1.425788e+03,3.221193e+03,1.793517e+06,0.000000e+00,0.000000e+00,2.096548e+00,-3.321052e+00
3.074777e+03,-2.219992e+03,1.795243e+06,0.000000e+00,0.000000e+00,1.311890e-01,4.893232e+00
5.522903e+02,2.343756e+03,3.251526e+06,0.000000e+00,0.000000e+00,1.616792e+00,3.424509e+00
-4.278658e+03,-1.396936e+03,3.346767e+06,0.000000e+00,0.000000e+00,3.066940e+00,-3.934187e+00
-1.876591e+03,1.370948e+02,4.576016e+06,0.000000e+00,0.000000e+00,3.019573e+00,-4.092000e-02
2.252675e+03,7.096680e+02,1.195318e+06,0.000000e+00,0.000000e+00,4.241390e+00,-4.950135e+00
3.083152e+03,-1.464072e+03,4.174408e+06,0.000000e+00,0.000000e+00,3.397962e+00,-4.546470e-01
-1.253282e+03,-3.913195e+03,2.964042e+06,0.000000e+00,0.000000e+00,-1.857333e+00,3.803091e+00
-1.442954e+03,-1.728634e+03,9.221967e+05,0.000000e+00,0.000000e+00,3.552662e+00,-4.036090e-01
-3.458793e+03,-1.934805e+03,3.364633e+06,0.000000e+00,0.000000e+00,3.589889e+00,-4.742754e+00
-1.468734e+03,4.987676e+03,1.435539e+06,0.000000e+00,0.000000e+00,-9.628590e-01,-2.766659e+00
7.605773e+02,3.022923e+03,6.375301e+05,0.000000e+00,0.000000e+00,4.768683e+00,-2.741573e+00
2.385403e+03,1.468620e+03,4.049080e+06,0.000000e+00,0.000000e+00,6.167080e-01,-4.986844e+00
-3.882607e+03,-4.971504e+03,4.469647e+06,0.000000e+00,0.000000e+00,-2.447284e+00,-1.501135e+00
4.266333e+02,4.261078e+02,3.296639e+06,0.000000e+00,0.000000e+00,-1.954431e+00,1.878940e+00
-6.599491e+02,-1.764092e+03,2.949114e+06,0.000000e+00,0.000000e+00,-3.655642e+00,-3.751000e-01
-4.298727e+03,1.298914e+03,2.927135e+06,0.000000e+00,0.000000e+00,-2.463257e+00,4.712100e-02
1.963180e+03,-4.838132e+03,2.618402e+05,0.000000e+00,0.000000e+00,-3.671199e+00,-1.844157e+00
-4.747599e+03,-2.896862e+03,3.716187e+06,0.000000e+00,0.000000e+00,7.491940e-01,1.710066e+00
1.082116e+03,-2.870512e+03,1.555573e+05,0.000000e+00,0.000000e+00,3.735396e+00,7.945450e-01
3.920403e+03,2.155130e+02,3.563116e+06,0.000000e+00,0.000000e+00,-4.581367e+00,9.699840e-01
2.519813e+03,5.048704e+02,1.786350e+05,0.000000e+00,0.000000e+00,-5.304580e-01,4.595097e+00
-1.982163e+02,-1.421997e+03,2.745862e+06,0.000000e+00,0.000000e+00,4.238693e+00,-2.896220e-01
2.315015e+03,-1.548452e+03,8.203098e+04,0.000000e+00,0.000000e+00,2.221203e+00,1.755893e+00
1.287403e+03,-2.625015e+03,3.184342e+06,0.000000e+00,0.000000e+00,3.298689e+00,1.072839e+00
1.212873e+03,4.757228e+03,4.865425e+06,0.000000e+00,0.000000e+00,1.212371e+00,-3.672633e+00
4.063852e+03,1.163782e+03,2.341891e+06,0.000000e+00,0.000000e+00,-4.855237e+00,-1.965404e+00
-2.542799e+03,3.169577e+03,3.041458e+06,0.000000e+00,0.000000e+00,3.920540e-01,-7.531080e-01
2.514387e+03,-6.918974e+02,3.140466e+06,0.000000e+00,0.000000e+00,-1.547335e+00,3.932859e+00
-4.321616e+02,-3.340685e+03,4.050642e+06,0.000000e+00,0.000000e+00,3.125385e+00,-1.658634e+00
3.345064e+03,4.935972e+02,4.442701e+05,0.000000e+00,0.000000e+00,-1.474372e+00,2.379710e-01
-4.149538e+02,-4.127853e+03,4.085362e+06,0.000000e+00,0.000000e+00,1.838640e-01,2.024180e-01
2.040188e+03,-5.601416e+02,3.500342e+05,0.000000e+00,0.000000e+00,8.814820e-01,-4.927449e+00
4.372201e+03,3.582959e+03,1.897114e+06,0.000000e+00,0.000000e+00,4.436576e+00,-4.471110e+00
4.055435e+03,-3.077036e+02,1.712740e+06,0.000000e+00,0.000000e+00,-3.116618e+00,-9.990860e-01
-1.645744e+03,-1.187787e+01,2.684311e+06,0.000000e+00,0.000000e+00,-4.734884e+00,7.979240e-01
7.072080e+02,-3.955144e+03,4.455874e+05,0.000000e+00,0.000000e+00,2.805347e+00,-5.257840e-01
3.152748e+03,-1.757462e+03,3.667932e+06,0.000000e+00,0.000000e+00,-1.290096e+00,-2.649748e+00
-4.319303e+03,-4.527055e+03,4.389503e+06,0.000000e+00,0.000000e+00,3.595421e+00,-1.754217e+00
-3.131178e+03,4.287017e+03,3.447259e+06,0.000000e+00,0.000000e+00,1.002420e+00,-2.331853e+00
-1.454547e+03,3.424511e+03,3.816118e+05,0.000000e+00,0.000000e+00,2.330230e+00,4.181998e+00
-3.154854e+03,-3.629467e+03,2.277533e+06,0.000000e+00,0.000000e+00,1.825792e+00,-3.921744e+00
-2.744656e+03,5.660730e+02,4.494400e+06,0.000000e+00,0.000000e+00,-4.127410e-01,3.055227e+00
-7.978182e+02,1.069613e+03,9.895982e+05,0.000000e+00,0.000000e+00,-8.148670e-01,4.534103e+00
4.671693e+03,-2.848676e+03,3.648346e+06,0.000000e+00,0.000000e+00,3.208160e-01,1.953113e+00
-4.022086e+03,7.959556e+02,1.313008e+06,0.000000e+00,0.000000e+00,2.835310e-01,-4.689168e+00
-8.507785e+02,9.660711e+02,8.788300e+05,0.000000e+00,0.000000e+00,-4.175293e+00,-4.147229e+00
-2.474963e+03,3.295328e+03,4.792193e+06,0.000000e+00,0.000000e+00,-3.959860e-01,4.667168e+00
1.087154e+03,1.795229e+03,3.709313e+06,0.000000e+00,0.000000e+00,-3.330450e-01,2.508194e+00
-4.777600e+03,2.882802e+03,3.127443e+06,0.000000e+00,0.000000e+00,7.143620e-01,-3.718712e+00
-3.849697e+02,-1.858235e+02,9.322324e+05,0.000000e+00,0.000000e+00,8.934390e-01,-3.967495e+00
-1.695688e+03,5.665044e+02,3.120083e+06,0.000000e+00,0.000000e+00,3.294107e+00,4.054400e+00
2.308913e+03,-4.101908e+03,2.117052e+06,0.000000e+00,0.000000e+00,-2.566606e+00,3.060223e+00
3.170593e+03,-1.839800e+03,1.738274e+06,0.000000e+00,0.000000e+00,-4.827972e+00,-3.724753e+00
-1.924519e+03,4.604673e+03,2.873073e+06,0.000000e+00,0.000000e+00,3.223600e-01,-2.088698e+00
-4.747885e+03,2.304399e+03,2.518787e+06,0.000000e+00,0.000000e+00,1.345891e+00,3.816770e-01
4.850497e+03,2.304391e+03,2.452341e+06,0.000000e+00,0.000000e+00,-2.165752e+00,2.033060e-01
-3.028743e+03,-4.083300e+03,3.488849e+06,0.000000e+00,0.000000e+00,-9.833350e-01,3.080414e+00
2.518286e+03,4.831327e+03,2.556212e+06,0.000000e+00,0.000000e+00,-6.733330e-01,3.288837e+00
-4.516151e+03,-2.947236e+03,4.015701e+05,0.000000e+00,0.000000e+00,3.210125e+00,2.573635e+00
-4.913901e+03,2.071571e+03,9.456470e+05,0.000000e+00,0.000000e+00,1.809469e+00,1.750239e+00
-3.725581e+03,4.157770e+03,2.320325e+06,0.000000e+00,0.000000e+00,2.456240e-01,-1.793740e+00
2.605340e+03,-2.058524e+03,3.696474e+06,0.000000e+00,0.000000e+00,-1.877090e+00,1.754427e+00
-3.342103e+03,-7.289239e+02,1.987895e+06,0.000000e+00,0.000000e+00,-4.079972e+00,-2.095624e+00
-1.156910e+03,-4.179553e+03,4.627756e+06,0.000000e+00,0.000000e+00,2.216168e+00,-2.869229e+00
-3.138988e+03,3.035048e+03,2.524610e+06,0.000000e+00,0.000000e+00,-2.941346e+00,4.803727e+00
-3.754223e+03,2.769380e+03,4.983945e+06,0.000000e+00,0.000000e+00,-4.826715e+00,-2.606157e+00
-1.672372e+03,2.450031e+03,1.337814e+06,0.000000e+00,0.000000e+00,4.108121e+00,-4.809902e+00
-2.593754e+01,4.067750e+03,8.330600e+05,0.000000e+00,0.000000e+00,-2.690632e+00,-1.447445e+00
2.794722e+03,8.846875e+02,1.971004e+06,0.000000e+00,0.000000e+00,-1.824364e+00,-2.092000e+00
-2.422428e+02,-1.374610e+03,9.677697e+05,0.000000e+00,0.000000e+00,-4.558038e+00,3.059031e+00
3.137592e+03,3.514645e+03,2.822716e+06,0.000000e+00,0.000000e+00,-2.397654e+00,2.632988e+00
2.625420e+03,-4.558558e+03,4.653837e+06,0.000000e+00,0.000000e+00,-1.101731e+00,3.199420e+00
2.654406e+03,2.605144e+03,4.830219e+06,0.000000e+00,0.000000e+00,-2.193984e+00,-4.296313e+00
1.859621e+03,4.648956e+03,5.700880e+03,0.000000e+00,0.000000e+00,-3.538676e+00,-4.535225e+00
-3.527843e+03,-2.459675e+03,2.622256e+06,0.000000e+00,0.000000e+00,-6.701600e-01,-3.385883e+00
3.464874e+03,4.139753e+03,9.115030e+05,0.000000e+00,0.000000e+00,4.092922e+00,-2.519510e-01
-4.539539e+03,3.974542e+03,2.562159e+06,0.000000e+00,0.000000e+00,-7.563220e-01,-1.504700e+00
5.021588e+02,-2.178795e+02,1.549307e+06,0.000000e+00,0.000000e+00,3.234465e+00,1.661556e+00
-4.220275e+03,-1.588466e+02,2.632997e+06,0.000000e+00,0.000000e+00,3.819330e-01,-8.591660e-01
4.473508e+00,-4.813753e+03,1.250385e+05,0.000000e+00,0.000000e+00,-2.124817e+00,-1.792390e+00
-4.695137e+03,-1.173171e+03,3.756695e+06,0.000000e+00,0.000000e+00,2.379040e+00,4.522145e+00
3.692331e+03,-2.994502e+03,3.205973e+06,0.000000e+00,0.000000e+00,4.225520e-01,1.832834e+00
4.433621e+03,-4.128171e+03,1.417861e+06,0.000000e+00,0.000000e+00,4.819820e+00,-3.277563e+00
4.004760e+03,-2.002868e+03,1.395762e+06,0.000000e+00,0.000000e+00,1.977947e+00,3.361004e+00
-1.608766e+03,1.476583e+03,9.665332e+05,0.000000e+00,0.000000e+00,3.878228e+00,1.381406e+00
-2.715148e+03,-3.500464e+03,1.347345e+06,0.000000e+00,0.000000e+00,4.482738e+00,1.378319e+00
-4.592394e+03,-4.359927e+03,3.852207e+06,0.000000e+00,0.000000e+00,2.910281e+00,3.089788e+00
6.184689e+01,-5.393972e+02,4.675679e+06,0.000000e+00,0.000000e+00,3.098265e+00,2.535186e+00
-1.128836e+03,-2.349977e+03,4.467672e+06,0.000000e+00,0.000000e+00,1.172191e+00,1.018061e+00
5.456378e+02,5.346792e+02,6.770402e+05,0.000000e+00,0.000000e+00,2.862849e+00,-4.090176e+00
-3.585775e+03,3.875343e+03,3.948686e+06,0.000000e+00,0.000000e+00,-4.051184e+00,1.752750e+00
-1.526581e+03,2.757659e+03,1.488697e+06,0.000000e+00,0.000000e+00,-4.108058e+00,-4.126338e+00
-1.357898e+03,-2.192357e+03,4.029916e+06,0.000000e+00,0.000000e+00,-3.586459e+00,2.380051e+00
1.509514e+03,4.076293e+02,3.012746e+06,0.000000e+00,0.000000e+00,-4.717219e+00,-2.305628e+00
-6.844657e+02,-3.815547e+03,3.552872e+06,0.000000e+00,0.000000e+00,1.063473e+00,3.791247e+00
-5.133086e+02,2.822824e+03,4.104919e+06,0.000000e+00,0.000000e+00,-2.405423e+00,2.060661e+00
3.521644e+03,-1.736144e+03,2.810355e+06,0.000000e+00,0.000000e+00,2.105489e+00,-3.039971e+00
-2.786454e+03,-1.939789e+03,1.486083e+06,0.000000e+00,0.000000e+00,-1.980419e+00,-4.896406e+00
-3.902067e+03,-2.038058e+03,6.826607e+05,0.000000e+00,0.000000e+00,1.788429e+00,-1.868759e+00
1.761990e+03,3.772925e+03,3.278475e+06,0.000000e+00,0.000000e+00,-2.497715e+00,9.112140e-01
4.770028e+03,-1.380792e+02,2.151053e+06,0.000000e+00,0.000000e+00,3.117580e-01,-2.828390e-01
-3.669577e+03,-4.581626e+03,8.071923e+05,0.000000e+00,0.000000e+00,-2.205422e+00,3.474909e+00
2.799341e+03,-1.481095e+03,1.119570e+06,0.000000e+00,0.000000e+00,-1.938478e+00,-2.876000e-03
1.662974e+03,-3.986851e+02,2.149601e+06,0.000000e+00,0.000000e+00,1.521468e+00,1.307476e+00
4.747380e+03,-7.825485e+02,1.353653e+06,0.000000e+00,0.000000e+00,-3.479318e+00,3.103413e+00
-9.434409e+02,3.588243e+03,1.301742e+06,0.000000e+00,0.000000e+00,1.595263e+00,1.586179e+00
-1.091572e+03,3.952797e+03,4.827394e+06,0.000000e+00,0.000000e+00,2.843199e+00,-4.356306e+00
3.561703e+03,1.543237e+03,1.091407e+06,0.000000e+00,0.000000e+00,1.382174e+00,2.050130e-01
-4.342908e+03,-1.259175e+03,1.026517e+06,0.000000e+00,0.000000e+00,1.722010e-01,4.180356e+00
-7.552495e+02,-3.477754e+03,2.190933e+06,0.000000e+00,0.000000e+00,8.570520e-01,4.466471e+00
-2.021569e+03,3.492977e+03,7.334695e+05,0.000000e+00,0.000000e+00,-3.246010e-01,4.435331e+00
4.610727e+03,2.486041e+03,3.949625e+06,0.000000e+00,0.000000e+00,-2.474132e+00,-2.733429e+00
-7.331204e+02,-1.555069e+03,4.475090e+06,0.000000e+00,0.000000e+00,5.210200e-01,-3.213297e+00
4.115251e+03,-4.983728e+03,1.743542e+06,0.000000e+00,0.000000e+00,2.245589e+00,1.616433e+00
-2.608526e+03,-1.498026e+03,3.842203e+06,0.000000e+00,0.000000e+00,-3.347170e+00,4.114309e+00
-8.125596e+02,3.310554e+03,2.740730e+06,0.000000e+00,0.000000e+00,1.724618e+00,-4.346192e+00
3.547626e+03,4.948103e+03,3.881487e+06,0.000000e+00,0.000000e+00,-2.866496e+00,2.805400e+00
3.588308e+02,8.689422e+02,4.656058e+06,0.000000e+00,0.000000e+00,3.560266e+00,-2.609252e+00
-3.692918e+03,3.133668e+03,1.275951e+06,0.000000e+00,0.000000e+00,4.651748e+00,1.933449e+00
-4.514399e+03,-3.498643e+03,1.650049e+06,0.000000e+00,0.000000e+00,-4.198390e-01,3.771029e+00
-3.190004e+02,-1.439665e+03,4.275254e+06,0.000000e+00,0.000000e+00,3.234218e+00,-2.491663e+00
2.621691e+03,2.764824e+03,1.700243e+06,0.000000e+00,0.000000e+00,-3.207945e+00,4.069426e+00
4.837987e+03,2.046946e+03,4.013196e+06,0.000000e+00,0.000000e+00,4.396094e+00,-4.839851e+00
-3.381303e+03,4.466075e+02,5.657482e+05,0.000000e+00,0.000000e+00,1.893171e+00,-1.479452e+00
4.848683e+03,1.809022e+03,4.614280e+06,0.000000e+00,0.000000e+00,-7.476320e-01,4.550768e+00
4.758353e+03,3.636765e+03,4.050533e+06,0.000000e+00,0.000000e+00,-5.639660e-01,1.428036e+00
9.961814e+02,2.821409e+03,2.206412e+06,0.000000e+00,0.000000e+00,1.165193e+00,3.405888e+00
2.757515e+03,-4.453565e+03,1.969789e+06,0.000000e+00,0.000000e+00,-2.695465e+00,-2.675375e+00
4.976031e+03,2.146956e+03,4.442654e+06,0.000000e+00,0.000000e+00,2.103440e-01,-4.747103e+00
-4.552779e+03,1.445193e+03,2.181731e+06,0.000000e+00,0.000000e+00,1.548216e+00,8.722830e-01
4.659921e+02,1.928682e+03,1.766474e+05,0.000000e+00,0.000000e+00,2.657628e+00,-3.248590e+00
9.554288e+02,-2.108697e+03,2.061201e+06,0.000000e+00,0.000000e+00,2.562300e-02,6.420160e-01
3.659947e+02,1.273094e+03,9.453906e+05,0.000000e+00,0.000000e+00,3.191150e+00,3.653314e+00
1.249671e+03,3.218997e+03,3.343242e+06,0.000000e+00,0.000000e+00,4.579232e+00,3.145330e+00
3.567771e+03,3.532333e+03,1.461434e+06,0.000000e+00,0.000000e+00,-5.298010e-01,-4.360330e+00
-4.071589e+03,-1.191316e+03,1.278947e+06,0.000000e+00,0.000000e+00,-4.635871e+00,4.914124e+00
1.677417e+03,2.339992e+03,1.625989e+06,0.000000e+00,0.000000e+00,8.359550e-01,-1.123540e-01
1.671665e+03,-4.328581e+03,2.265530e+06,0.000000e+00,0.000000e+00,-1.641936e+00,3.985674e+00
-2.776317e+03,-1.562391e+03,2.948597e+06,0.000000e+00,0.000000e+00,-1.022042e+00,2.534522e+00
-2.284465e+03,-4.997818e+03,3.332571e+06,0.000000e+00,0.000000e+00,-4.139351e+00,-7.447400e-02
-1.688962e+03,3.609173e+03,2.187652e+06,0.000000e+00,0.000000e+00,5.589340e-01,4.002879e+00
-3.612009e+03,2.972762e+03,4.101338e+06,0.000000e+00,0.000000e+00,-2.791809e+00,-1.927226e+00
-8.851587e+02,3.137089e+03,2.987522e+04,0.000000e+00,0.000000e+00,-9.424870e-01,-3.832740e-01
-1.691030e+03,-1.148828e+03,3.321435e+06,0.000000e+00,0.000000e+00,1.538321e+00,4.555989e+00
2.499231e+03,4.571992e+03,3.237911e+06,0.000000e+00,0.000000e+00,3.959519e+00,-2.367043e+00
-2.893037e+03,-3.279334e+03,4.616552e+06,0.000000e+00,0.000000e+00,-4.379721e+00,3.377800e-02
-2.296892e+03,-3.865457e+03,4.133634e+06,0.000000e+00,0.000000e+00,2.815611e+00,1.972795e+00
-3.235502e+03,9.113888e+02,1.356024e+06,0.000000e+00,0.000000e+00,-3.768138e+00,-1.101239e+00
1.482849e+03,2.249377e+03,1.390828e+05,0.000000e+00,0.000000e+00,-3.994500e-02,-1.349907e+00
2.106496e+03,3.881422e+03,3.264995e+04,0.000000e+00,0.000000e+00,2.327329e+00,-4.577613e+00
4.063590e+03,-3.239646e+03,3.131330e+06,0.000000e+00,0.000000e+00,1.366283e+00,3.124371e+00
1.298743e+03,-2.027019e+03,3.450024e+06,0.000000e+00,0.000000e+00,3.947755e+00,-8.288800e-02
-3.096585e+03,-4.300776e+03,9.266757e+05,0.000000e+00,0.000000e+00,4.110328e+00,2.280592e+00
-8.650309e+01,-3.857463e+03,1.305914e+06,0.000000e+00,0.000000e+00,1.817895e+00,3.359626e+00
-4.771453e+03,-3.815072e+03,2.544829e+06,0.000000e+00,0.000000e+00,-3.292708e+00,-5.514220e-01
2.245770e+03,4.664726e+03,2.522294e+06,0.000000e+00,0.000000e+00,-7.810840e-01,2.324279e+00
4.164130e+03,-3.472208e+03,3.797510e+06,0.000000e+00,0.000000e+00,4.329127e+00,-3.614410e-01
-4.739342e+03,-4.122031e+03,3.015196e+06,0.000000e+00,0.000000e+00,-2.359240e+00,-1.745707e+00
-9.426229e+01,-4.266298e+03,6.662225e+05,0.000000e+00,0.000000e+00,-7.645100e-01,8.739180e-01
-2.056643e+03,4.002940e+03,1.205415e+06,0.000000e+00,0.000000e+00,3.646294e+00,3.262224e+00
-1.806068e+03,-4.576968e+03,4.945456e+06,0.000000e+00,0.000000e+00,1.397982e+00,-4.110412e+00
-3.695208e+03,4.631296e+03,1.597743e+06,0.000000e+00,0.000000e+00,1.376837e+00,5.039430e-01
-2.325545e+02,1.457072e+03,2.008754e+06,0.000000e+00,0.000000e+00,-2.915003e+00,-2.448233e+00
2.550916e+03,3.244978e+03,1.674487e+06,0.000000e+00,0.000000e+00,1.046444e+00,-2.409450e+00
4.365775e+03,-4.415302e+03,3.512530e+06,0.000000e+00,0.000000e+00,-4.973884e+00,3.936441e+00
-2.284422e+02,5.715829e+02,7.969222e+05,0.000000e+00,0.000000e+00,2.573195e+00,-2.306219e+00
-6.308419e+02,-2.559742e+03,1.706936e+06,0.000000e+00,0.000000e+00,1.783814e+00,5.645650e-01
-1.364029e+03,4.760970e+03,1.309233e+06,0.000000e+00,0.000000e+00,3.378328e+00,-4.469330e-01
-1.598597e+03,2.384922e+03,4.190821e+06,0.000000e+00,0.000000e+00,-4.898338e+00,3.637284e+00
1.831840e+03,-2.269025e+03,4.750637e+06,0.000000e+00,0.000000e+00,2.737350e+00,-3.359224e+00
1.522714e+03,2.257258e+03,1.364724e+06,0.000000e+00,0.000000e+00,-1.343990e+00,1.553431e+00
-1.482868e+03,-2.567441e+03,2.013072e+06,0.000000e+00,0.000000e+00,2.239651e+00,1.808546e+00
-3.767025e+03,-2.382755e+03,4.020759e+06,0.000000e+00,0.000000e+00,-1.389423e+00,-2.028321e+00
1.711877e+01,-2.284783e+03,2.327999e+06,0.000000e+00,0.000000e+00,-1.797949e+00,1.865057e+00
-3.979591e+03,-4.988839e+03,3.794501e+06,0.000000e+00,0.000000e+00,3.197957e+00,-1.929159e+00
-3.371948e+03,-2.329226e+03,3.851819e+06,0.000000e+00,0.000000e+00,-1.210940e-01,4.780262e+00
1.864073e+03,-5.280577e+02,4.967516e+06,0.000000e+00,0.000000e+00,2.915477e+00,4.265120e-01
-1.614305e+03,-1.623479e+03,4.591015e+06,0.000000e+00,0.000000e+00,-2.796954e+00,1.593585e+00
3.386440e+03,-4.103676e+03,2.262017e+06,0.000000e+00,0.000000e+00,2.589350e-01,1.916372e+00
-1.527708e+03,3.811898e+03,7.806842e+05,0.000000e+00,0.000000e+00,-3.247815e+00,3.980307e+00
-2.975536e+03,1.677476e+02,2.167342e+06,0.000000e+00,0.000000e+00,-2.138465e+00,-1.187342e+00
4.334737e+03,3.918525e+03,1.824323e+06,0.000000e+00,0.000000e+00,-2.388474e+00,-3.087908e+00
1.527884e+03,-8.555648e+02,2.761372e+06,0.000000e+00,0.000000e+00,-4.397779e+00,-3.479475e+00
4.717960e+02,-5.247041e+02,3.149333e+06,0.000000e+00,0.000000e+00,-3.503385e+00,-1.388317e+00
-3.440224e+03,1.562261e+02,3.458799e+05,0.000000e+00,0.000000e+00,1.238315e+00,2.356939e+00
3.070138e+03,-1.934048e+02,2.222808e+06,0.000000e+00,0.000000e+00,2.310639e+00,4.907391e+00
-1.484996e+03,1.676696e+03,2.612861e+06,0.000000e+00,0.000000e+00,3.540458e+00,4.469835e+00
4.521445e+03,1.920219e+03,4.063047e+06,0.000000e+00,0.000000e+00,1.105040e-01,-2.759882e+00
4.665008e+03,4.783914e+03,4.120957e+06,0.000000e+00,0.000000e+00,-3.316812e+00,4.338017e+00
-9.439210e+02,-4.480117e+03,3.833466e+06,0.000000e+00,0.000000e+00,2.956506e+00,-7.824000e-03
-1.491965e+03,4.548427e+03,2.095198e+05,0.000000e+00,0.000000e+00,-2.370715e+00,-4.607011e+00
-3.858026e+01,1.581511e+03,2.728261e+06,0.000000e+00,0.000000e+00,2.587560e+00,-8.751720e-01
9.882916e+02,2.175123e+02,3.650005e+05,0.000000e+00,0.000000e+00,3.958072e+00,3.317680e+00
2.452479e+02,1.881458e+03,3.328620e+06,0.000000e+00,0.000000e+00,3.056398e+00,-1.124674e+00
-2.392332e+03,2.077588e+03,1.510880e+06,0.000000e+00,0.000000e+00,1.538786e+00,2.378366e+00
3.203102e+03,4.535473e+03,1.348089e+06,0.000000e+00,0.000000e+00,-5.143600e-01,-4.849900e+00
-2.269577e+03,-4.783471e+03,4.598887e+06,0.000000e+00,0.000000e+00,1.822843e+00,-3.474792e+00
-8.271739e+02,-2.311671e+03,1.373010e+06,0.000000e+00,0.000000e+00,-2.814778e+00,2.019031e+00
3.862389e+03,-4.828475e+03,1.410411e+06,0.000000e+00,0.000000e+00,4.379839e+00,1.955372e+00
3.941127e+03,-1.485854e+03,1.125141e+06,0.000000e+00,0.000000e+00,-4.694550e+00,-1.305998e+00
9.515946e+01,-6.549496e+02,3.631239e+06,0.000000e+00,0.000000e+00,-4.685429e+00,1.989253e+00
3.382275e+03,-4.097009e+03,3.284733e+06,0.000000e+00,0.000000e+00,-2.150892e+00,-4.895500e-02
-2.779039e+03,2.689585e+03,4.428258e+06,0.000000e+00,0.000000e+00,-3.704242e+00,2.812881e+00
-3.911017e+03,-2.456805e+03,1.738430e+06,0.000000e+00,0.000000e+00,4.106080e-01,1.093741e+00
2.497892e+03,2.070476e+03,1.748254e+06,0.000000e+00,0.000000e+00,6.537290e-01,-2.774835e+00
3.350351e+03,-6.463541e+02,8.637362e+05,0.000000e+00,0.000000e+00,-1.538542e+00,1.730321e+00
1.504917e+03,3.146573e+03,4.725050e+06,0.000000e+00,0.000000e+00,2.658657e+00,4.043539e+00
-2.478026e+02,-4.817467e+03,3.914691e+06,0.000000e+00,0.000000e+00,3.253668e+00,4.395433e+00
4.034182e+03,2.499073e+03,3.460292e+06,0.000000e+00,0.000000e+00,-8.960560e-01,-1.153400e-02
-3.858736e+03,-3.777728e+03,1.363766e+06,0.000000e+00,0.000000e+00,-3.541987e+00,-1.685010e-01
-2.002592e+03,2.443821e+03,4.150371e+06,0.000000e+00,0.000000e+00,-4.611271e+00,-1.624345e+00
-3.668096e+02,-4.968223e+03,2.039950e+06,0.000000e+00,0.000000e+00,-4.276299e+00,-1.759663e+00
-4.655401e+03,-3.330377e+03,6.754801e+05,0.000000e+00,0.000000e+00,4.186620e-01,-3.547012e+00
-4.625591e+03,-2.312670e+03,2.975081e+06,0.000000e+00,0.000000e+00,-8.004010e-01,-2.338718e+00
3.160273e+03,4.714004e+03,1.634705e+06,0.000000e+00,0.000000e+00,3.810766e+00,-2.458910e+00
3.096417e+03,1.477883e+03,1.890932e+06,0.000000e+00,0.000000e+00,-3.393990e+00,-2.796676e+00
-3.728359e+03,-2.531453e+03,4.432785e+06,0.000000e+00,0.000000e+00,-1.532622e+00,1.219753e+00
3.908164e+02,-1.549258e+03,3.309561e+06,0.000000e+00,0.000000e+00,2.402019e+00,7.368760e-01
4.677085e+03,-2.227460e+03,4.042045e+06,0.000000e+00,0.000000e+00,4.122299e+00,3.484650e+00
-3.490780e+03,4.560811e+02,1.776895e+05,0.000000e+00,0.000000e+00,-2.314439e+00,1.222158e+00
8.036045e+02,-3.818757e+03,1.576590e+06,0.000000e+00,0.000000e+00,3.287280e-01,4.937684e+00
-2.341248e+03,6.459485e+02,7.283204e+05,0.000000e+00,0.000000e+00,-3.405774e+00,-8.493670e-01
4.681692e+03,-4.805963e+03,5.920695e+05,0.000000e+00,0.000000e+00,-3.344472e+00,-5.368120e-01
-2.199076e+03,1.213213e+02,2.023186e+06,0.000000e+00,0.000000e+00,2.222062e+00,-3.805708e+00
-2.539519e+03,-1.702417e+03,1.239031e+06,0.000000e+00,0.000000e+00,3.608957e+00,-4.261855e+00
1.002650e+03,1.541495e+03,1.456096e+06,0.000000e+00,0.000000e+00,5.451900e-02,-3.699996e+00
4.163698e+03,-7.270961e+02,2.348083e+06,0.000000e+00,0.000000e+00,3.307559e+00,1.392690e-01
6.869216e+02,-4.908573e+03,3.306027e+06,0.000000e+00,0.000000e+00,3.625517e+00,4.072011e+00
-1.714942e+03,-3.022089e+03,1.371933e+06,0.000000e+00,0.000000e+00,9.789500e-01,3.218901e+00
7.690354e+01,2.517722e+03,1.773889e+05,0.000000e+00,0.000000e+00,-2.418360e+00,4.622287e+00
-3.223402e+03,4.274429e+03,2.661004e+06,0.000000e+00,0.000000e+00,1.829587e+00,-1.322950e-01
-3.479372e+03,2.193049e+03,1.790526e+06,0.000000e+00,0.000000e+00,1.577165e+00,-2.579871e+00
1.102073e+02,2.253625e+03,8.393401e+05,0.000000e+00,0.000000e+00,-1.591069e+00,-1.103150e+00
-6.344570e+02,-3.317960e+03,2.465706e+04,0.000000e+00,0.000000e+00,3.654177e+00,-4.245093e+00
2.724786e+03,-4.521476e+03,1.280373e+06,0.000000e+00,0.000000e+00,3.287805e+00,-1.855472e+00
-4.916867e+03,2.211807e+03,4.421429e+06,0.000000e+00,0.000000e+00,-3.240852e+00,1.008789e+00
4.724348e+03,2.111062e+03,2.811174e+06,0.000000e+00,0.000000e+00,-3.607170e-01,-2.578260e+00
-2.814547e+03,-4.083671e+03,3.673803e+05,0.000000e+00,0.000000e+00,3.953818e+00,1.827005e+00
-3.518947e+03,-2.938612e+03,2.874336e+06,0.000000e+00,0.000000e+00,2.777205e+00,-3.518514e+00
4.326841e+03,1.223530e+03,4.432984e+06,0.000000e+00,0.000000e+00,-4.841546e+00,-1.863652e+00
-2.395026e+03,-3.205471e+03,3.205372e+05,0.000000e+00,0.000000e+00,-6.312210e-01,1.061063e+00
3.278125e+03,-4.558254e+03,2.214273e+06,0.000000e+00,0.000000e+00,-4.611572e+00,3.317786e+00
2.022225e+03,-2.463745e+03,3.422822e+06,0.000000e+00,0.000000e+00,-4.311490e-01,3.676581e+00
2.290924e+03,3.557700e+03,4.627862e+06,0.000000e+00,0.000000e+00,-4.212269e+00,4.400390e+00
-2.650204e+03,-1.977249e+03,1.689006e+06,0.000000e+00,0.000000e+00,-9.166650e-01,3.614337e+00
-3.840680e+03,-3.158166e+02,3.535477e+06,0.000000e+00,0.000000e+00,-3.653653e+00,3.055237e+00
-6.366733e+02,-5.673295e+02,4.946390e+06,0.000000e+00,0.000000e+00,2.791350e+00,4.211521e+00
3.041340e+03,-4.200028e+03,2.560606e+06,0.000000e+00,0.000000e+00,-2.966188e+00,-2.720159e+00
2.285689e+03,-4.420944e+03,1.101246e+06,0.000000e+00,0.000000e+00,2.123287e+00,-3.914103e+00
-4.323798e+03,-6.811071e+01,1.316571e+05,0.000000e+00,0.000000e+00,3.529560e-01,2.134442e+00
3.561251e+03,3.945476e+03,3.306731e+06,0.000000e+00,0.000000e+00,-2.708559e+00,-2.756557e+00
5.506844e+02,-4.647670e+03,8.050295e+05,0.000000e+00,0.000000e+00,-4.906288e+00,2.253400e-02
-1.271700e+03,-3.459561e+03,8.101317e+04,0.000000e+00,0.000000e+00,-1.991301e+00,2.207292e+00
-2.042254e+03,-4.157711e+03,3.178185e+06,0.000000e+00,0.000000e+00,-3.646793e+00,-1.644265e+00
4.834966e+03,1.276898e+03,2.908909e+06,0.000000e+00,0.000000e+00,4.890749e+00,-1.178145e+00
-1.088757e+03,1.256938e+03,1.769411e+05,0.000000e+00,0.000000e+00,2.531610e+00,-1.228934e+00
-4.701930e+03,4.657241e+03,4.626069e+06,0.000000e+00,0.000000e+00,-4.496130e+00,3.541171e+00
-3.541263e+03,1.997590e+03,4.244544e+06,0.000000e+00,0.000000e+00,9.171730e-01,4.930806e+00
2.059287e+03,4.308020e+02,2.744553e+06,0.000000e+00,0.000000e+00,2.341490e-01,-4.657236e+00
-4.169559e+03,2.219795e+03,1.547494e+06,0.000000e+00,0.000000e+00,2.300155e+00,-1.303235e+00
-3.469661e+03,-4.596472e+03,1.045983e+06,0.000000e+00,0.000000e+00,4.517795e+00,5.792500e-01
-4.542178e+03,-3.914237e+02,3.170824e+06,0.000000e+00,0.000000e+00,-1.094675e+00,1.800455e+00
2.420614e+02,-1.674152e+03,3.759555e+06,0.000000e+00,0.000000e+00,-1.495223e+00,-2.179220e-01
-2.614926e+03,9.343205e+02,4.062171e+06,0.000000e+00,0.000000e+00,6.471980e-01,-2.547881e+00
-2.243034e+03,1.324272e+03,1.022304e+06,0.000000e+00,0.000000e+00,-1.448847e+00,-7.650760e-01
1.365662e+03,2.684542e+03,2.048508e+06,0.000000e+00,0.000000e+00,3.365546e+00,4.729562e+00
-2.532463e+02,3.689693e+03,3.839259e+06,0.000000e+00,0.000000e+00,-2.312548e+00,2.998704e+00
-7.843545e+02,-2.645634e+03,4.916157e+06,0.000000e+00,0.000000e+00,-3.461603e+00,8.364220e-01
-2.260940e+03,3.807301e+02,1.965327e+06,0.000000e+00,0.000000e+00,-2.656604e+00,4.506360e-01
3.841398e+03,2.382669e+03,2.607907e+05,0.000000e+00,0.000000e+00,1.051520e+00,2.891166e+00
1.818660e+03,-3.780006e+03,2.218706e+06,0.000000e+00,0.000000e+00,4.406412e+00,-1.427074e+00
-4.840520e+03,-4.626856e+03,7.147952e+05,0.000000e+00,0.000000e+00,1.956131e+00,-3.308387e+00
-4.067545e+03,-3.226968e+03,4.670443e+06,0.000000e+00,0.000000e+00,-2.905823e+00,1.832750e+00
3.022449e+03,-1.706751e+03,4.820039e+06,0.000000e+00,0.000000e+00,-4.385467e+00,3.461860e+00
3.473873e+03,-4.617618e+03,3.347213e+06,0.000000e+00,0.000000e+00,-1.956989e+00,-1.115063e+00
-8.683578e+02,-4.489464e+03,2.857544e+05,0.000000e+00,0.000000e+00,1.809790e-01,1.713991e+00
-2.957009e+03,1.554093e+03,2.317367e+06,0.000000e+00,0.000000e+00,8.067500e-01,-9.455280e-01
-1.488448e+03,3.652307e+03,4.662970e+06,0.000000e+00,0.000000e+00,-4.094084e+00,7.377600e-01
-4.660397e+02,-2.728850e+03,6.116327e+05,0.000000e+00,0.000000e+00,4.254231e+00,8.591020e-01
-1.077782e+03,-4.278513e+03,3.018029e+06,0.000000e+00,0.000000e+00,2.845725e+00,-1.906549e+00
-3.367676e+03,-5.254966e+02,1.489679e+06,0.000000e+00,0.000000e+00,-1.088136e+00,1.694106e+00
2.832762e+03,2.332362e+02,2.500254e+06,0.000000e+00,0.000000e+00,-1.641790e+00,-3.561464e+00
2.481865e+03,2.701638e+03,7.175203e+05,0.000000e+00,0.000000e+00,3.557835e+00,-3.466891e+00
1.968703e+03,-2.006905e+03,2.475847e+06,0.000000e+00,0.000000e+00,-2.038834e+00,3.311632e+00
-1.403793e+03,-3.541702e+03,4.810232e+06,0.000000e+00,0.000000e+00,-4.030027e+00,-2.659528e+00
1.316455e+03,-4.338698e+03,2.250890e+06,0.000000e+00,0.000000e+00,-3.766148e+00,2.352029e+00
5.506222e+02,4.306727e+03,4.080782e+06,0.000000e+00,0.000000e+00,-3.777333e+00,4.364909e+00
1.025382e+03,3.593146e+03,2.500650e+06,0.000000e+00,0.000000e+00,1.682526e+00,-1.792528e+00
2.986849e+03,-3.526334e+01,1.164531e+06,0.000000e+00,0.000000e+00,-6.170330e-01,-4.782320e-01
2.360524e+03,3.331068e+03,1.300524e+05,0.000000e+00,0.000000e+00,-3.586929e+00,4.490914e+00
-1.211690e+03,-4.869250e+03,3.759755e+06,0.000000e+00,0.000000e+00,-4.747876e+00,2.455370e+00
-2.598502e+03,-3.027444e+03,1.371366e+06,0.000000e+00,0.000000e+00,1.930507e+00,-3.972904e+00
-2.604681e+03,3.134636e+03,4.415493e+06,0.000000e+00,0.000000e+00,-2.802780e+00,3.671775e+00
1.519506e+03,-1.661809e+03,2.488218e+06,0.000000e+00,0.000000e+00,3.793226e+00,2.748056e+00
-3.415968e+03,-2.175321e+03,2.188375e+06,0.000000e+00,0.000000e+00,4.870611e+00,3.572110e-01
3.648752e+03,4.569566e+03,2.846814e+06,0.000000e+00,0.000000e+00,-2.354583e+00,-3.472310e+00
8.940267e+02,-4.093748e+03,6.889216e+05,0.000000e+00,0.000000e+00,2.240986e+00,4.246590e+00
2.440826e+03,2.963872e+03,4.398370e+06,0.000000e+00,0.000000e+00,1.624893e+00,-4.203020e-01
-4.009087e+03,-7.188156e+02,1.932802e+06,0.000000e+00,0.000000e+00,4.040855e+00,4.651179e+00
2.370800e+03,-3.960841e+03,2.569221e+06,0.000000e+00,0.000000e+00,-3.363603e+00,-2.068871e+00
-1.510786e+03,-1.783322e+03,1.353020e+06,0.000000e+00,0.000000e+00,-4.762973e+00,-1.280687e+00
-4.505044e+03,3.727480e+03,1.378343e+06,0.000000e+00,0.000000e+00,-3.532772e+00,4.693276e+00
-1.118009e+02,9.630522e+02,5.090671e+05,0.000000e+00,0.000000e+00,-3.386493e+00,3.208182e+00
-7.774260e+01,3.380100e+03,2.167771e+06,0.000000e+00,0.000000e+00,2.300403e+00,2.878003e+00
5.936542e+02,-2.453089e+03,2.962473e+06,0.000000e+00,0.000000e+00,-4.585618e+00,-4.754540e-01
-9.559658e+02,3.083563e+03,2.232330e+05,0.000000e+00,0.000000e+00,-1.415018e+00,-2.214646e+00
-1.561161e+03,1.562008e+03,3.834579e+06,0.000000e+00,0.000000e+00,3.832990e-01,2.110367e+00
-1.056483e+03,3.690304e+03,3.967879e+06,0.000000e+00,0.000000e+00,1.112592e+00,-6.660270e-01
-3.921456e+03,2.095719e+03,3.870958e+06,0.000000e+00,0.000000e+00,3.212408e+00,9.343490e-01
3.608549e+03,-1.109850e+03,8.767064e+05,0.000000e+00,0.000000e+00,4.440628e+00,3.633251e+00
4.049456e+03,-7.984414e+02,2.797483e+06,0.000000e+00,0.000000e+00,-5.657090e-01,2.134014e+00
-3.629461e+03,-3.435143e+02,7.777679e+05,0.000000e+00,0.000000e+00,-1.276768e+00,1.361054e+00
-4.770530e+03,1.699844e+03,2.142747e+06,0.000000e+00,0.000000e+00,1.141958e+00,2.883601e+00
4.689544e+03,-2.833889e+03,2.910663e+06,0.000000e+00,0.000000e+00,3.844989e+00,2.726246e+00
1.411383e+01,-2.788813e+03,1.708422e+06,0.000000e+00,0.000000e+00,1.721607e+00,-4.955252e+00
-2.928646e+03,-1.755765e+03,2.928947e+06,0.000000e+00,0.000000e+00,-1.551877e+00,-2.393807e+00
-2.711028e+03,-4.245392e+03,1.344851e+06,0.000000e+00,0.000000e+00,6.425230e-01,-1.123298e+00
7.254324e+02,2.342339e+03,1.345309e+06,0.000000e+00,0.000000e+00,-3.942034e+00,-3.772748e+00
1.416454e+03,-3.665814e+03,1.831402e+06,0.000000e+00,0.000000e+00,-4.411908e+00,-9.330830e-01
-2.328025e+03,2.878834e+03,4.783041e+06,0.000000e+00,0.000000e+00,1.960083e+00,3.106652e+00
3.494905e+03,-1.126502e+03,9.396979e+05,0.000000e+00,0.000000e+00,1.836891e+00,2.625481e+00
-3.541678e+03,-4.987523e+03,4.848896e+06,0.000000e+00,0.000000e+00,-4.388939e+00,-4.898437e+00
1.972224e+03,-2.832588e+03,3.849344e+06,0.000000e+00,0.000000e+00,-3.314303e+00,-3.492409e+00
3.073885e+03,2.780615e+03,4.394377e+06,0.000000e+00,0.000000e+00,-2.580904e+00,2.742398e+00
1.486445e+03,2.683974e+03,2.277592e+06,0.000000e+00,0.000000e+00,3.809620e+00,-1.723205e+00
-1.907586e+03,-7.984871e+02,2.414069e+06,0.000000e+00,0.000000e+00,1.361809e+00,-2.075455e+00
-2.169386e+03,-8.774359e+02,3.967230e+06,0.000000e+00,0.000000e+00,-7.082650e-01,-3.803905e+00
-2.232374e+03,4.899002e+02,4.375971e+06,0.000000e+00,0.000000e+00,-1.274177e+00,4.898989e+00
-2.685845e+03,-1.004891e+03,2.898191e+06,0.000000e+00,0.000000e+00,4.628337e+00,-1.542039e+00
2.948653e+03,-1.991245e+03,4.070533e+06,0.000000e+00,0.000000e+00,1.731250e+00,-2.886720e+00
2.903600e+03,8.123030e+02,3.688133e+06,0.000000e+00,0.000000e+00,-2.271873e+00,-3.373733e+00
-2.328012e+03,3.100164e+03,4.727365e+06,0.000000e+00,0.000000e+00,4.785940e-01,3.732382e+00
1.523793e+02,1.039287e+03,1.150571e+06,0.000000e+00,0.000000e+00,1.310840e-01,3.127838e+00
-4.265811e+02,4.512282e+02,4.396397e+06,0.000000e+00,0.000000e+00,-4.688951e+00,2.800849e+00
3.867263e+03,-2.911120e+03,3.901635e+06,0.000000e+00,0.000000e+00,4.390403e+00,-4.978060e-01
3.372362e+03,-7.160278e+02,3.605297e+05,0.000000e+00,0.000000e+00,3.678556e+00,-4.513531e+00
1.086109e+03,4.229804e+03,2.661147e+06,0.000000e+00,0.000000e+00,-3.362127e+00,2.738607e+00
-2.237575e+03,3.074599e+03,4.894351e+06,0.000000e+00,0.000000e+00,3.532470e+00,2.209930e-01
4.226310e+03,1.586479e+03,4.476580e+06,0.000000e+00,0.000000e+00,5.802780e-01,2.733358e+00
-4.547659e+02,-3.250415e+03,2.637018e+06,0.000000e+00,0.000000e+00,-4.438044e+00,-1.979970e-01
2.259449e+03,4.551879e+03,4.213105e+06,0.000000e+00,0.000000e+00,4.145933e+00,6.958210e-01
4.663205e+03,4.481073e+03,4.197690e+06,0.000000e+00,0.000000e+00,-4.007766e+00,1.478724e+00
2.917215e+03,-3.640693e+02,3.043929e+06,0.000000e+00,0.000000e+00,3.447910e+00,-9.686180e-01
4.311709e+02,-3.310385e+03,3.681097e+06,0.000000e+00,0.000000e+00,1.215326e+00,-4.016041e+00
2.391307e+03,6.999386e+02,4.433903e+06,0.000000e+00,0.000000e+00,-3.942649e+00,-4.099173e+00
-4.802734e+03,4.478689e+02,1.166370e+06,0.000000e+00,0.000000e+00,1.184361e+00,-4.441892e+00
-4.876443e+03,1.616809e+03,4.358182e+06,0.000000e+00,0.000000e+00,7.654620e-01,-4.874472e+00
4.756944e+03,-4.277659e+01,3.026941e+06,0.000000e+00,0.000000e+00,2.417148e+00,-4.997613e+00
-4.885005e+03,-2.282338e+03,2.875780e+06,0.000000e+00,0.000000e+00,1.289189e+00,-2.592575e+00
-3.415373e+03,-2.174239e+03,1.285042e+06,0.000000e+00,0.000000e+00,2.436840e-01,-4.398708e+00
9.184236e+02,-4.055001e+03,1.298675e+06,0.000000e+00,0.000000e+00,-1.498838e+00,-9.741830e-01
-3.095037e+03,1.706014e+03,3.988609e+06,0.000000e+00,0.000000e+00,-2.072178e+00,2.909470e+00
-5.395996e+02,9.499292e+02,2.300849e+05,0.000000e+00,0.000000e+00,-1.093893e+00,4.937329e+00
1.680971e+03,2.083365e+03,5.577413e+04,0.000000e+00,0.000000e+00,-3.765370e-01,1.534697e+00
3.655174e+03,2.516173e+03,2.156697e+06,0.000000e+00,0.000000e+00,6.075000e-02,1.029268e+00
-1.085863e+03,-1.036642e+02,1.357506e+06,0.000000e+00,0.000000e+00,-3.955959e+00,2.197445e+00
2.452811e+03,4.398025e+03,1.301717e+06,0.000000e+00,0.000000e+00,7.349100e-01,1.637128e+00
-4.784641e+03,4.543794e+03,1.276189e+06,0.000000e+00,0.000000e+00,2.659846e+00,4.029033e+00
-4.036622e+03,-3.510657e+03,6.963815e+05,0.000000e+00,0.000000e+00,2.998796e+00,7.632320e-01
-2.363406e+03,-1.771285e+03,2.507747e+06,0.000000e+00,0.000000e+00,2.299480e-01,4.728564e+00
2.983140e+03,-2.360242e+03,3.207348e+06,0.000000e+00,0.000000e+00,-3.376121e+00,-2.457799e+00
1.776082e+03,6.091117e+02,1.170333e+06,0.000000e+00,0.000000e+00,4.394879e+00,4.734890e+00
-7.007987e+02,1.676743e+03,3.008601e+06,0.000000e+00,0.000000e+00,-4.043028e+00,-1.163931e+00
-2.190714e+03,6.709388e+02,7.343042e+05,0.000000e+00,0.000000e+00,-2.267458e+00,8.289350e-01
1.910530e+03,2.764805e+02,9.035054e+05,0.000000e+00,0.000000e+00,-4.739105e+00,-1.365300e-01
-4.666383e+03,2.095035e+03,3.123742e+06,0.000000e+00,0.000000e+00,-3.706283e+00,-1.490252e+00
3.332796e+03,4.303908e+03,3.878182e+05,0.000000e+00,0.000000e+00,9.536860e-01,-1.399119e+00
-4.995868e+03,4.439148e+03,1.881899e+06,0.000000e+00,0.000000e+00,2.996963e+00,-5.051400e-02
1.003250e+03,1.622329e+03,7.377942e+05,0.000000e+00,0.000000e+00,-4.954175e+00,-4.811071e+00
3.315192e+02,1.842446e+03,4.922640e+05,0.000000e+00,0.000000e+00,1.794768e+00,4.667770e+00
1.218467e+03,-1.222642e+03,3.032130e+06,0.000000e+00,0.000000e+00,-3.150769e+00,-4.975303e+00
7.869393e+01,2.608938e+03,1.709760e+06,0.000000e+00,0.000000e+00,-3.295318e+00,-4.417987e+00
-3.110638e+03,-4.980178e+02,2.407330e+06,0.000000e+00,0.000000e+00,4.836238e+00,2.653686e+00
5.015860e+02,1.556863e+02,8.095989e+05,0.000000e+00,0.000000e+00,-1.311834e+00,1.999291e+00
2.077708e+03,4.196990e+01,1.940248e+05,0.000000e+00,0.000000e+00,-3.219815e+00,4.561655e+00
-2.257534e+03,-2.369066e+03,4.056217e+06,0.000000e+00,0.000000e+00,4.994650e-01,4.511661e+00
-2.506242e+03,-2.410973e+03,1.885488e+06,0.000000e+00,0.000000e+00,3.610000e+00,3.271717e+00
-2.259817e+03,-7.430847e+02,2.987872e+06,0.000000e+00,0.000000e+00,-8.481620e-01,4.944318e+00
-8.417043e+02,3.475398e+03,3.010045e+06,0.000000e+00,0.000000e+00,4.496193e+00,-2.486489e+00
-4.264071e+02,3.375629e+03,4.601356e+06,0.000000e+00,0.000000e+00,4.795740e+00,2.009143e+00
-2.326806e+03,3.378443e+03,3.247282e+06,0.000000e+00,0.000000e+00,-1.019492e+00,-4.602801e+00
7.198590e+02,-1.329753e+03,2.921323e+06,0.000000e+00,0.000000e+00,2.189784e+00,3.701289e+00
-2.439341e+03,2.004046e+03,3.500574e+06,0.000000e+00,0.000000e+00,3.142133e+00,-1.693320e-01
4.032896e+03,8.838151e+02,4.640201e+06,0.000000e+00,0.000000e+00,5.448400e-01,-2.878387e+00
2.946617e+03,3.793512e+03,1.277120e+06,0.000000e+00,0.000000e+00,3.939731e+00,-4.946961e+00
-3.577246e+03,-2.768894e+03,4.096773e+06,0.000000e+00,0.000000e+00,3.747569e+00,-4.607805e+00
-3.383557e+03,2.552815e+03,7.674351e+04,0.000000e+00,0.000000e+00,4.488114e+00,1.725300e+00
-2.889092e+03,3.031067e+03,4.067664e+06,0.000000e+00,0.000000e+00,-4.722412e+00,4.200240e-01
-6.521424e+02,-5.570467e+02,1.358311e+06,0.000000e+00,0.000000e+00,3.113574e+00,-1.624370e-01
-8.299350e+01,-4.871684e+03,3.306752e+06,0.000000e+00,0.000000e+00,-1.989786e+00,-2.326094e+00
-4.656525e+03,-2.219554e+03,4.765715e+05,0.000000e+00,0.000000e+00,4.305385e+00,6.000870e-01
-4.336103e+03,3.122351e+03,1.178795e+06,0.000000e+00,0.000000e+00,-1.160504e+00,-4.593097e+00
3.815133e+03,9.449201e+02,3.136467e+06,0.000000e+00,0.000000e+00,4.018963e+00,-3.284832e+00
1.836388e+03,4.170263e+03,2.304456e+06,0.000000e+00,0.000000e+00,-3.197357e+00,2.027758e+00
5.261227e+02,2.544614e+03,1.160553e+06,0.000000e+00,0.000000e+00,-4.329456e+00,4.826633e+00
1.215567e+03,3.817435e+01,3.298166e+06,0.000000e+00,0.000000e+00,-6.310580e-01,3.809136e+00
1.416754e+02,1.138529e+03,1.246837e+05,0.000000e+00,0.000000e+00,-4.051499e+00,-3.543119e+00
7.983164e+02,-2.695711e+03,4.096313e+06,0.000000e+00,0.000000e+00,-1.714597e+00,2.761050e+00
4.961648e+03,4.196799e+02,4.280447e+06,0.000000e+00,0.000000e+00,-2.228355e+00,-1.970725e+00
-1.966973e+03,1.086875e+03,1.057731e+06,0.000000e+00,0.000000e+00,-6.018050e-01,-4.535452e+00
2.661811e+03,-2.947210e+03,6.186736e+05,0.000000e+00,0.000000e+00,9.266110e-01,3.556911e+00
9.954185e+02,-2.097522e+00,4.873476e+06,0.000000e+00,0.000000e+00,1.844777e+00,-4.835269e+00
3.639015e+03,9.196368e+02,6.679548e+05,0.000000e+00,0.000000e+00,-2.534053e+00,1.636620e-01
6.660316e+02,3.992989e+03,2.579838e+06,0.000000e+00,0.000000e+00,3.490739e+00,-1.150202e+00
-1.441799e+03,-2.321586e+03,3.048826e+06,0.000000e+00,0.000000e+00,-1.929891e+00,4.328521e+00
-5.401821e+02,1.159533e+03,1.632046e+06,0.000000e+00,0.000000e+00,4.428307e+00,-3.445201e+00
-3.494670e+03,-4.910772e+03,4.824447e+06,0.000000e+00,0.000000e+00,3.805896e+00,-4.304184e+00
-4.230028e+02,5.923367e+02,2.013783e+05,0.000000e+00,0.000000e+00,3.961031e+00,3.047604e+00
1.081778e+03,1.439483e+03,4.196500e+06,0.000000e+00,0.000000e+00,-4.002000e+00,-1.610867e+00
-3.844213e+03,3.182768e+02,2.139453e+06,0.000000e+00,0.000000e+00,4.035290e-01,2.104049e+00
2.743678e+03,2.989473e+03,4.536143e+06,0.000000e+00,0.000000e+00,2.733958e+00,-3.664190e-01
1.589257e+03,6.464423e+02,4.877509e+06,0.000000e+00,0.000000e+00,-2.573628e+00,-4.970191e+00
-3.996928e+03,3.623538e+03,2.899497e+06,0.000000e+00,0.000000e+00,-1.467453e+00,-3.488869e+00
2.572996e+03,4.345816e+03,2.567078e+06,0.000000e+00,0.000000e+00,4.595529e+00,-2.939572e+00
4.614994e+03,4.203837e+03,4.445028e+06,0.000000e+00,0.000000e+00,1.238800e-02,-1.798033e+00
4.513021e+02,-4.965641e+03,3.732885e+06,0.000000e+00,0.000000e+00,2.029162e+00,4.124191e+00
-4.716577e+03,-1.511421e+03,1.274165e+06,0.000000e+00,0.000000e+00,4.600878e+00,-3.045816e+00
-1.035016e+03,4.490622e+03,4.445915e+06,0.000000e+00,0.000000e+00,-1.710240e-01,-4.394277e+00
-4.616412e+03,1.960955e+03,1.388087e+06,0.000000e+00,0.000000e+00,3.978867e+00,2.821261e+00
-3.072841e+03,4.763679e+03,4.077784e+06,0.000000e+00,0.000000e+00,-4.524384e+00,-1.328167e+00
-2.498011e+03,-4.065574e+03,2.445279e+06,0.000000e+00,0.000000e+00,4.375370e-01,3.683205e+00
3.625488e+03,3.570575e+03,2.829491e+06,0.000000e+00,0.000000e+00,-4.655082e+00,2.029903e+00
-3.417951e+03,4.503833e+03,4.641763e+05,0.000000e+00,0.000000e+00,-2.344688e+00,2.834046e+00
1.807797e+03,3.644182e+03,1.384825e+06,0.000000e+00,0.000000e+00,4.324703e+00,-4.713123e+00
-3.457370e+03,1.976318e+03,4.898000e+05,0.000000e+00,0.000000e+00,-1.029741e+00,3.140298e+00
-1.004992e+03,-9.062544e+02,1.791268e+06,0.000000e+00,0.000000e+00,-3.479883e+00,3.612453e+00
4.496256e+03,-1.429929e+03,1.087501e+06,0.000000e+00,0.000000e+00,9.412600e-02,1.970511e+00
-1.627209e+03,1.499298e+03,1.848197e+06,0.000000e+00,0.000000e+00,1.152200e-01,-3.490657e+00
2.521460e+03,-1.822340e+03,3.465049e+06,0.000000e+00,0.000000e+00,-1.008028e+00,-1.922442e+00
-4.894849e+02,3.227389e+03,3.863760e+06,0.000000e+00,0.000000e+00,1.259185e+00,3.113991e+00
-3.155802e+03,4.372196e+02,1.674537e+06,0.000000e+00,0.000000e+00,2.730601e+00,3.207180e+00
3.075058e+03,2.506587e+03,1.603440e+06,0.000000e+00,0.000000e+00,2.853422e+00,-2.532595e+00
4.669981e+03,-1.634845e+03,4.079061e+06,0.000000e+00,0.000000e+00,-1.614750e+00,9.028860e-01
4.801988e+03,-2.987278e+03,3.911559e+06,0.000000e+00,0.000000e+00,-2.031582e+00,-4.799476e+00
-4.791338e+03,1.974856e+03,3.199778e+06,0.000000e+00,0.000000e+00,2.185171e+00,-3.826960e+00
2.851796e+02,3.014222e+03,2.517406e+06,0.000000e+00,0.000000e+00,4.905311e+00,3.562126e+00
-1.346663e+03,-3.367424e+03,4.352646e+06,0.000000e+00,0.000000e+00,4.676863e+00,4.036936e+00
-1.217579e+03,-3.854038e+03,9.509571e+04,0.000000e+00,0.000000e+00,1.379131e+00,-9.531450e-01
4.896036e+02,-1.232448e+03,6.273489e+05,0.000000e+00,0.000000e+00,2.537443e+00,-3.195364e+00
-4.475382e+03,2.259375e+03,4.161809e+06,0.000000e+00,0.000000e+00,-1.142710e-01,-5.533320e-01
1.441169e+02,2.172965e+03,3.013190e+06,0.000000e+00,0.000000e+00,2.133020e-01,4.963569e+00
2.700792e+03,2.214126e+03,3.909950e+06,0.000000e+00,0.000000e+00,3.882415e+00,1.746492e+00
3.284355e+03,1.621670e+02,2.706416e+05,0.000000e+00,0.000000e+00,2.177846e+00,3.061982e+00
2.731729e+03,2.170551e+03,2.725559e+06,0.000000e+00,0.000000e+00,1.758319e+00,2.063021e+00
3.197344e+03,-2.234531e+03,4.622762e+06,0.000000e+00,0.000000e+00,4.362774e+00,-4.857582e+00
-1.380956e+03,2.716645e+02,4.328412e+05,0.000000e+00,0.000000e+00,4.356006e+00,1.392637e+00
-3.955253e+03,4.065977e+03,9.388923e+05,0.000000e+00,0.000000e+00,4.757027e+00,1.355483e+00
1.595101e+03,-1.135989e+03,1.217483e+06,0.000000e+00,0.000000e+00,-6.903690e-01,-3.034108e+00
-4.257318e+03,-2.740495e+03,2.751651e+06,0.000000e+00,0.000000e+00,-1.182584e+00,4.306926e+00
-3.500892e+03,5.124207e+02,3.627285e+06,0.000000e+00,0.000000e+00,2.374141e+00,2.181540e+00
-4.853700e+03,3.859110e+03,2.532995e+06,0.000000e+00,0.000000e+00,-1.060882e+00,-2.497890e-01
1.789998e+03,4.494835e+03,4.846814e+06,0.000000e+00,0.000000e+00,-4.362941e+00,2.045333e+00
-4.092457e+03,-1.932089e+03,1.191217e+06,0.000000e+00,0.000000e+00,-3.607425e+00,2.940000e-03
-5.866915e+02,-5.246894e+02,3.272363e+06,0.000000e+00,0.000000e+00,2.044674e+00,4.843013e+00
-3.480076e+03,3.581703e+02,2.384289e+06,0.000000e+00,0.000000e+00,3.210490e-01,-4.136363e+00
1.491373e+02,-3.448756e+03,8.754665e+05,0.000000e+00,0.000000e+00,2.761377e+00,4.578720e-01
-4.537841e+03,2.510502e+03,4.499900e+06,0.000000e+00,0.000000e+00,4.477093e+00,-3.499190e+00
-8.904956e+02,3.440167e+03,1.942566e+06,0.000000e+00,0.000000e+00,2.244581e+00,4.665770e+00
-2.411598e+03,-1.729048e+03,2.441341e+06,0.000000e+00,0.000000e+00,-1.940647e+00,3.550192e+00
-1.924142e+03,9.521719e+02,4.076921e+06,0.000000e+00,0.000000e+00,-3.537127e+00,1.514297e+00
7.923462e+02,-3.037121e+03,5.155453e+04,0.000000e+00,0.000000e+00,-2.214141e+00,-3.061333e+00
-1.823179e+03,-2.170681e+03,1.179542e+06,0.000000e+00,0.000000e+00,3.968559e+00,-4.321710e-01
-3.504256e+03,3.961503e+03,2.987080e+06,0.000000e+00,0.000000e+00,2.553609e+00,-1.490198e+00
4.246603e+03,2.656051e+03,2.626528e+06,0.000000e+00,0.000000e+00,2.943089e+00,4.503521e+00
6.787272e+02,-2.631463e+03,4.004070e+06,0.000000e+00,0.000000e+00,-2.354692e+00,4.692016e+00
-1.294182e+03,-1.322069e+03,2.494700e+06,0.000000e+00,0.000000e+00,1.685451e+00,-2.630563e+00
-1.873907e+03,-4.755469e+03,4.912375e+06,0.000000e+00,0.000000e+00,-5.938500e-01,-8.325770e-01
-3.119155e+03,-3.640746e+03,2.488540e+06,0.000000e+00,0.000000e+00,4.614355e+00,3.470833e+00
4.282765e+03,4.295828e+02,2.498779e+06,0.000000e+00,0.000000e+00,-1.210413e+00,-3.404180e+00
-4.050470e+03,3.745096e+03,4.413101e+06,0.000000e+00,0.000000e+00,-3.207141e+00,-2.425470e+00
-4.870171e+03,-2.965127e+03,5.376871e+04,0.000000e+00,0.000000e+00,2.213301e+00,-1.057515e+00
-3.662009e+03,2.613388e+03,4.108222e+06,0.000000e+00,0.000000e+00,-1.392523e+00,-4.129556e+00
4.546159e+03,-2.699380e+03,3.258383e+06,0.000000e+00,0.000000e+00,2.115185e+00,-9.261500e-02
3.424023e+03,-2.450091e+03,3.156926e+06,0.000000e+00,0.000000e+00,1.732674e+00,1.050700e+00
-8.790964e+02,-4.973444e+03,3.161881e+06,0.000000e+00,0.000000e+00,-1.710214e+00,-3.564797e+00
-3.546643e+03,1.568589e+03,4.134883e+06,0.000000e+00,0.000000e+00,4.782403e+00,-2.153490e+00
-3.708669e+03,-1.591707e+03,1.587759e+06,0.000000e+00,0.000000e+00,-4.250434e+00,2.951165e+00
2.335822e+02,-4.184354e+03,4.282783e+06,0.000000e+00,0.000000e+00,-3.694966e+00,-1.297113e+00
-5.856197e+02,-2.510344e+03,1.824292e+06,0.000000e+00,0.000000e+00,-3.404963e+00,2.784168e+00
3.508637e+03,-3.346990e+02,4.856975e+06,0.000000e+00,0.000000e+00,-2.816900e+00,-3.634228e+00
-4.776309e+02,2.458106e+03,4.192670e+06,0.000000e+00,0.000000e+00,-2.753209e+00,-3.186721e+00
7.806230e+02,-6.948923e+01,3.547300e+06,0.000000e+00,0.000000e+00,3.777204e+00,3.474935e+00
3.229713e+03,1.781875e+03,1.487904e+06,0.000000e+00,0.000000e+00,-7.677240e-01,-3.132491e+00
2.228630e+03,-3.415239e+03,2.534991e+06,0.000000e+00,0.000000e+00,-3.969175e+00,6.982400e-02
3.526621e+03,1.923752e+03,3.745844e+06,0.000000e+00,0.000000e+00,-2.358960e+00,2.958724e+00
-2.729809e+03,9.287361e+01,2.963372e+06,0.000000e+00,0.000000e+00,-4.378102e+00,-2.759180e+00
-3.537836e+03,-4.157506e+02,3.740189e+06,0.000000e+00,0.000000e+00,-2.453956e+00,-3.638997e+00
-6.248175e+02,-1.307420e+03,5.932753e+05,0.000000e+00,0.000000e+00,-2.813192e+00,-1.324198e+00
4.199560e+03,2.011028e+03,2.171578e+06,0.000000e+00,0.000000e+00,2.458100e-01,1.323189e+00
-1.155155e+03,-4.682906e+03,4.697244e+06,0.000000e+00,0.000000e+00,-1.997118e+00,4.439974e+00
2.646750e+03,3.933216e+03,2.811888e+05,0.000000e+00,0.000000e+00,-3.287235e+00,1.441757e+00
1.607430e+03,-3.920810e+03,3.972125e+06,0.000000e+00,0.000000e+00,3.846941e+00,-4.470232e+00
-1.185285e+03,-1.085312e+03,2.083144e+06,0.000000e+00,0.000000e+00,-2.351832e+00,2.767915e+00
3.462014e+02,-1.392836e+03,2.803141e+06,0.000000e+00,0.000000e+00,-4.009010e-01,2.048805e+00
4.265021e+03,2.215956e+03,4.289744e+06,0.000000e+00,0.000000e+00,2.742650e-01,-4.359510e-01
2.965348e+03,-1.402994e+03,2.441675e+06,0.000000e+00,0.000000e+00,-7.192770e-01,1.115454e+00
-2.569232e+03,-1.075178e+03,2.245586e+06,0.000000e+00,0.000000e+00,-2.045361e+00,3.614579e+00
2.347448e+02,-4.643397e+03,1.715190e+06,0.000000e+00,0.000000e+00,-7.704560e-01,9.387740e-01
-2.019577e+03,-3.024328e+03,2.558398e+06,0.000000e+00,0.000000e+00,2.808761e+00,-3.156775e+00
4.078151e+03,1.487398e+03,1.852946e+06,0.000000e+00,0.000000e+00,-2.310730e-01,-3.642942e+00
3.067365e+03,3.197827e+03,4.394991e+05,0.000000e+00,0.000000e+00,-1.844895e+00,2.844240e+00
3.147682e+03,3.086397e+03,4.035274e+06,0.000000e+00,0.000000e+00,-3.451144e+00,-3.380664e+00
1.183603e+03,2.823040e+03,9.173501e+05,0.000000e+00,0.000000e+00,6.365340e-01,-1.778312e+00
1.916745e+03,4.737535e+03,4.378725e+06,0.000000e+00,0.000000e+00,1.289935e+00,-5.770600e-02
1.368728e+02,4.218953e+02,2.897188e+06,0.000000e+00,0.000000e+00,9.064680e-01,-4.986701e+00
-1.483355e+03,-7.471704e+02,3.653433e+06,0.000000e+00,0.000000e+00,1.337159e+00,3.623166e+00
4.554794e+03,2.423654e+03,4.680440e+06,0.000000e+00,0.000000e+00,3.151742e+00,1.333119e+00
-4.263074e+03,5.189287e+02,3.317366e+06,0.000000e+00,0.000000e+00,4.770561e+00,-1.176260e+00
5.925420e+02,-1.145903e+03,2.905117e+06,0.000000e+00,0.000000e+00,-2.561361e+00,1.203455e+00
-3.536490e+03,2.204570e+03,3.601657e+06,0.000000e+00,0.000000e+00,9.406250e-01,-9.222030e-01
5.384578e+02,-1.399518e+02,1.414728e+06,0.000000e+00,0.000000e+00,-4.879690e-01,-1.301301e+00
-9.640887e+02,-3.439466e+03,3.950426e+06,0.000000e+00,0.000000e+00,4.456718e+00,4.057084e+00
-2.595234e+03,1.894885e+03,1.162403e+06,0.000000e+00,0.000000e+00,-2.160457e+00,-8.071180e-01
4.760583e+03,1.120612e+03,4.564866e+06,0.000000e+00,0.000000e+00,-1.765685e+00,4.129374e+00
2.386060e+03,2.517184e+03,6.545301e+05,0.000000e+00,0.000000e+00,-3.793896e+00,-4.009106e+00
-1.045880e+03,1.901428e+03,1.147225e+06,0.000000e+00,0.000000e+00,-2.337834e+00,-1.972051e+00
-4.265238e+03,4.143921e+03,9.399447e+05,0.000000e+00,0.000000e+00,1.343290e-01,-2.326908e+00
1.664860e+03,1.295841e+03,2.097612e+06,0.000000e+00,0.000000e+00,3.950814e+00,1.333228e+00
-2.443599e+03,4.239162e+02,4.880018e+06,0.000000e+00,0.000000e+00,1.753231e+00,-3.448907e+00
4.224180e+03,-4.213525e+03,4.139806e+06,0.000000e+00,0.000000e+00,2.670680e-01,-1.392097e+00
3.026484e+03,-3.877252e+03,1.348941e+04,0.000000e+00,0.000000e+00,-1.735120e+00,-2.161288e+00
-4.760596e+03,-1.331142e+03,1.251894e+06,0.000000e+00,0.000000e+00,-4.017482e+00,-1.817923e+00
-3.824747e+03,-2.519296e+03,1.595392e+06,0.000000e+00,0.000000e+00,2.333012e+00,9.357890e-01
-2.193021e+03,1.892688e+03,2.702580e+06,0.000000e+00,0.000000e+00,-6.299770e-01,1.982278e+00
-3.852745e+03,-3.079122e+03,2.100849e+06,0.000000e+00,0.000000e+00,2.784462e+00,-1.554098e+00
2.789511e+02,-1.668554e+03,8.094171e+05,0.000000e+00,0.000000e+00,2.577493e+00,-7.493600e-02
5.542448e+02,-4.808033e+03,3.192211e+06,0.000000e+00,0.000000e+00,-2.173317e+00,3.066207e+00
3.748830e+03,-3.416815e+03,4.296570e+06,0.000000e+00,0.000000e+00,-2.525970e-01,4.596678e+00
-3.629180e+03,4.376569e+03,9.977825e+05,0.000000e+00,0.000000e+00,4.293048e+00,3.255617e+00
-2.849647e+03,-4.014881e+03,3.446767e+06,0.000000e+00,0.000000e+00,4.452701e+00,-3.454038e+00
-2.024914e+03,-2.730955e+03,2.917660e+06,0.000000e+00,0.000000e+00,-9.547710e-01,3.166105e+00
2.726209e+03,-6.022127e+02,1.805190e+06,0.000000e+00,0.000000e+00,4.497711e+00,3.023718e+00
-3.751987e+02,4.035431e+03,4.240359e+06,0.000000e+00,0.000000e+00,2.614300e-01,3.856164e+00
5.406379e+02,-3.499630e+03,3.357659e+06,0.000000e+00,0.000000e+00,-8.313150e-01,-1.911181e+00
-1.227058e+03,-3.164793e+03,2.164176e+06,0.000000e+00,0.000000e+00,1.458444e+00,2.075469e+00
2.401047e+03,4.395965e+03,3.991549e+06,0.000000e+00,0.000000e+00,-3.247830e+00,3.714132e+00
3.424289e+03,2.030740e+03,2.821849e+06,0.000000e+00,0.000000e+00,-1.552210e+00,2.010730e+00
4.347339e+03,-4.270496e+03,3.889413e+05,0.000000e+00,0.000000e+00,-1.293865e+00,4.006436e+00
-3.822930e+03,-1.986986e+03,4.862633e+06,0.000000e+00,0.000000e+00,-2.627987e+00,1.416950e+00
4.681244e+03,-2.340017e+03,3.166191e+06,0.000000e+00,0.000000e+00,3.192117e+00,-8.630800e-02
-5.801713e+02,-9.393975e+02,3.273287e+06,0.000000e+00,0.000000e+00,3.102369e+00,1.509213e+00
-4.655797e+03,2.268742e+01,3.153745e+06,0.000000e+00,0.000000e+00,4.818522e+00,4.895946e+00
-3.840325e+03,-4.349619e+03,4.788054e+05,0.000000e+00,0.000000e+00,-6.044370e-01,1.223805e+00
-1.516249e+03,-3.600408e+03,1.472306e+06,0.000000e+00,0.000000e+00,4.942313e+00,-4.552381e+00
-1.870226e+03,-2.896316e+03,3.304983e+06,0.000000e+00,0.000000e+00,-1.463540e+00,2.291138e+00
-2.840684e+03,-3.369560e+03,1.400481e+06,0.000000e+00,0.000000e+00,6.046000e-01,1.504781e+00
8.507074e+02,-2.160062e+03,4.187004e+05,0.000000e+00,0.000000e+00,-9.726610e-01,2.483103e+00
3.505223e+03,2.291205e+03,1.644492e+06,0.000000e+00,0.000000e+00,2.794780e+00,1.873158e+00
2.164641e+03,1.127829e+03,2.098360e+05,0.000000e+00,0.000000e+00,-1.740158e+00,3.170624e+00
-1.329443e+03,-3.944297e+03,1.597549e+06,0.000000e+00,0.000000e+00,4.850350e+00,-1.729680e-01
2.933214e+03,-1.474440e+03,2.045279e+06,0.000000e+00,0.000000e+00,4.829927e+00,-3.424140e+00
4.748723e+02,1.179187e+03,1.798060e+06,0.000000e+00,0.000000e+00,4.829005e+00,1.083718e+00
4.053999e+03,-4.443992e+03,2.416490e+06,0.000000e+00,0.000000e+00,2.737892e+00,-4.246434e+00
1.770944e+02,-3.573738e+03,5.917776e+05,0.000000e+00,0.000000e+00,-3.155765e+00,1.061216e+00
-4.143087e+03,-2.857061e+03,3.191104e+06,0.000000e+00,0.000000e+00,6.068970e-01,1.225130e-01
-9.258799e+02,-1.262702e+03,1.384926e+06,0.000000e+00,0.000000e+00,-2.265426e+00,4.985793e+00
-3.774543e+03,1.252296e+03,1.168634e+06,0.000000e+00,0.000000e+00,-2.701850e+00,9.137000e-03
3.563500e+03,1.744805e+03,4.965184e+06,0.000000e+00,0.000000e+00,4.540259e+00,-1.868401e+00
-2.212097e+03,1.292906e+03,2.437387e+06,0.000000e+00,0.000000e+00,-4.828640e+00,-4.954341e+00
2.395541e+03,1.864175e+03,3.095429e+06,0.000000e+00,0.000000e+00,4.579432e+00,-3.487609e+00
3.754986e+03,5.404787e+01,1.691312e+06,0.000000e+00,0.000000e+00,-3.408921e+00,-3.739188e+00
-4.536801e+03,-1.282456e+01,4.728807e+06,0.000000e+00,0.000000e+00,-1.058179e+00,-4.822099e+00
4.989008e+03,2.511968e+02,3.432685e+06,0.000000e+00,0.000000e+00,1.100583e+00,-2.495177e+00
3.559683e+03,-2.414910e+03,3.806164e+06,0.000000e+00,0.000000e+00,-4.774511e+00,4.801605e+00
5.799946e+02,-2.031101e+03,4.142978e+06,0.000000e+00,0.000000e+00,-3.102408e+00,-2.166785e+00
2.850837e+03,4.018142e+03,3.954223e+06,0.000000e+00,0.000000e+00,2.078191e+00,-1.846781e+00
1.151671e+03,-3.863893e+03,2.279195e+06,0.000000e+00,0.000000e+00,-2.292680e+00,-3.068355e+00
1.526681e+02,-4.107972e+03,1.153340e+06,0.000000e+00,0.000000e+00,3.211111e+00,-8.578630e-01
1.898976e+03,-3.905289e+03,4.403539e+06,0.000000e+00,0.000000e+00,-4.621257e+00,5.372880e-01
1.973911e+02,-2.447973e+03,9.623854e+05,0.000000e+00,0.000000e+00,4.453260e+00,-4.060674e+00
2.259171e+03,-1.111503e+02,3.448328e+06,0.000000e+00,0.000000e+00,-3.061084e+00,2.360720e+00
-3.384518e+03,-3.591733e+03,4.371297e+06,0.000000e+00,0.000000e+00,1.605277e+00,-1.128370e-01
3.542885e+03,-4.736858e+03,1.309608e+06,0.000000e+00,0.000000e+00,-4.014957e+00,6.222080e-01
-2.545605e+03,-3.982576e+03,4.923833e+06,0.000000e+00,0.000000e+00,4.559000e+00,3.105082e+00
-2.882229e+03,-1.618503e+03,1.409028e+06,0.000000e+00,0.000000e+00,-2.116229e+00,2.532903e+00
5.022320e+02,1.012895e+03,4.365589e+06,0.000000e+00,0.000000e+00,-2.725660e-01,-1.018697e+00
-1.244519e+03,3.362795e+03,1.751170e+06,0.000000e+00,0.000000e+00,-1.352693e+00,-4.706384e+00
-1.907108e+02,4.722953e+03,1.834374e+06,0.000000e+00,0.000000e+00,-4.514487e+00,-4.982288e+00
2.681590e+03,-5.207672e+02,1.232765e+06,0.000000e+00,0.000000e+00,2.995803e+00,4.673830e-01
-4.697397e+03,8.498417e+02,4.144346e+06,0.000000e+00,0.000000e+00,2.889408e+00,2.275994e+00
2.638823e+03,6.913925e+02,2.617222e+06,0.000000e+00,0.000000e+00,1.158320e-01,-3.218704e+00
3.237642e+03,-4.949066e+03,3.027623e+06,0.000000e+00,0.000000e+00,-4.664269e+00,-2.369571e+00
4.628404e+03,-4.090156e+02,3.371262e+05,0.000000e+00,0.000000e+00,-3.008751e+00,1.920655e+00
4.442098e+02,-4.165315e+03,4.276350e+06,0.000000e+00,0.000000e+00,5.736400e-02,4.116929e+00
3.218672e+03,-3.777975e+03,4.290091e+06,0.000000e+00,0.000000e+00,1.953321e+00,-5.408390e-01
1.194996e+02,-1.570628e+03,3.724361e+06,0.000000e+00,0.000000e+00,-4.494295e+00,4.384892e+00
-3.118190e+03,2.572360e+03,4.329499e+06,0.000000e+00,0.000000e+00,-3.400185e+00,3.084125e+00
4.891788e+03,-3.720020e+03,1.312254e+06,0.000000e+00,0.000000e+00,4.937052e+00,-2.969849e+00
-4.247239e+03,-3.351176e+03,8.912885e+05,0.000000e+00,0.000000e+00,4.603865e+00,-2.841301e+00
-3.747013e+03,3.955386e+03,1.585796e+06,0.000000e+00,0.000000e+00,-2.241440e-01,2.804588e+00
-3.282766e+03,-3.441925e+03,3.283685e+06,0.000000e+00,0.000000e+00,2.620819e+00,-1.887078e+00
3.876537e+03,2.956267e+03,4.922296e+05,0.000000e+00,0.000000e+00,6.374830e-01,4.175038e+00
-1.405258e+02,-1.817649e+03,2.886432e+06,0.000000e+00,0.000000e+00,-6.456510e-01,-1.462703e+00
-3.646989e+03,-4.950593e+03,1.904986e+05,0.000000e+00,0.000000e+00,-1.747517e+00,-5.169250e-01
2.043632e+03,-2.676002e+03,4.721343e+06,0.000000e+00,0.000000e+00,-1.931350e+00,-2.057370e-01
2.170791e+03,4.483409e+03,3.828768e+06,0.000000e+00,0.000000e+00,-4.962877e+00,-1.081686e+00
1.015290e+02,-3.602506e+03,3.844975e+06,0.000000e+00,0.000000e+00,-1.781570e-01,-4.286741e+00
2.745511e+03,3.806037e+03,1.529616e+06,0.000000e+00,0.000000e+00,1.358261e+00,-1.712467e+00
-1.430415e+03,-9.886153e+02,4.671351e+06,0.000000e+00,0.000000e+00,-2.385018e+00,-4.993317e+00
-2.678375e+03,4.558716e+03,1.673252e+06,0.000000e+00,0.000000e+00,-4.881760e-01,-4.766504e+00
-6.351670e+02,4.748079e+03,2.984221e+06,0.000000e+00,0.000000e+00,-3.565319e+00,-2.312255e+00
-2.069510e+03,-2.247156e+03,3.524079e+06,0.000000e+00,0.000000e+00,3.212936e+00,-1.869480e-01
-2.032314e+03,2.903968e+03,9.910373e+05,0.000000e+00,0.000000e+00,-2.439217e+00,4.071773e+00
4.284766e+03,4.068257e+03,9.776596e+04,0.000000e+00,0.000000e+00,1.137020e+00,-9.915700e-02
3.467996e+03,-3.396964e+03,1.116022e+06,0.000000e+00,0.000000e+00,-1.190275e+00,-4.957615e+00
-2.640270e+03,4.984174e+03,2.002325e+06,0.000000e+00,0.000000e+00,9.867330e-01,4.022185e+00
8.608085e+02,-2.391634e+03,4.403567e+06,0.000000e+00,0.000000e+00,-3.664405e+00,2.347266e+00
5.040827e+02,2.117156e+03,4.023608e+06,0.000000e+00,0.000000e+00,4.403380e+00,-2.385895e+00
2.594554e+02,6.674273e+02,1.225057e+06,0.000000e+00,0.000000e+00,3.902910e+00,-3.793631e+00
4.386978e+02,3.194500e+03,2.481047e+06,0.000000e+00,0.000000e+00,2.750914e+00,4.610860e+00
4.723131e+03,1.660603e+03,2.375587e+06,0.000000e+00,0.000000e+00,-2.179720e+00,-4.545979e+00
-4.261249e+03,1.183270e+03,1.105850e+06,0.000000e+00,0.000000e+00,-3.128653e+00,-3.267374e+00
-4.749898e+03,-1.537135e+03,1.900659e+05,0.000000e+00,0.000000e+00,3.708506e+00,-1.134765e+00
-1.994763e+03,4.024341e+03,1.051193e+06,0.000000e+00,0.000000e+00,-3.560790e-01,-4.627387e+00
-2.498507e+03,-2.406449e+03,4.904111e+06,0.000000e+00,0.000000e+00,1.621461e+00,1.891609e+00
2.269888e+03,7.337995e+00,4.164849e+06,0.000000e+00,0.000000e+00,2.061562e+00,-1.321653e+00
-3.024871e+03,9.997694e+02,4.061992e+06,0.000000e+00,0.000000e+00,4.647347e+00,-2.047028e+00
-4.395135e+03,9.601371e+02,1.012531e+06,0.000000e+00,0.000000e+00,5.973100e-02,3.891242e+00
9.641661e+01,4.738995e+02,4.914564e+06,0.000000e+00,0.000000e+00,3.002901e+00,-2.495930e-01
-4.906883e+03,1.832093e+01,1.459930e+06,0.000000e+00,0.000000e+00,-1.074763e+00,-3.542117e+00
-2.367868e+03,3.248184e+03,3.618094e+06,0.000000e+00,0.000000e+00,3.440658e+00,-2.860328e+00
-3.534887e+03,-8.448582e+02,2.734526e+06,0.000000e+00,0.000000e+00,3.203923e+00,-1.673916e+00
-3.513479e+03,-1.044280e+03,1.894034e+06,0.000000e+00,0.000000e+00,8.964500e-01,-3.370018e+00
1.046573e+02,-1.025505e+03,4.671525e+06,0.000000e+00,0.000000e+00,3.483977e+00,-4.805988e+00
-4.247261e+03,-3.707354e+03,2.748919e+06,0.000000e+00,0.000000e+00,-2.994348e+00,3.991195e+00
1.601254e+01,-8.771838e+02,1.085554e+06,0.000000e+00,0.000000e+00,4.642591e+00,-1.974841e+00
-1.156460e+03,3.378528e+03,3.964139e+06,0.000000e+00,0.000000e+00,-4.612082e+00,4.736172e+00
8.375261e+02,-3.699531e+03,3.487995e+06,0.000000e+00,0.000000e+00,2.930280e-01,4.928772e+00
-2.130755e+03,-1.604347e+03,3.733622e+05,0.000000e+00,0.000000e+00,-4.972668e+00,4.372422e+00
-2.702176e+03,4.520739e+03,2.529409e+06,0.000000e+00,0.000000e+00,-1.599491e+00,-2.647655e+00
8.596789e+02,-1.376997e+03,9.049503e+05,0.000000e+00,0.000000e+00,3.832908e+00,-3.157560e-01
3.084223e+03,-3.456222e+03,3.138156e+06,0.000000e+00,0.000000e+00,7.959070e-01,-3.193102e+00
3.538624e+03,3.657811e+03,9.132122e+05,0.000000e+00,0.000000e+00,1.547004e+00,4.892090e-01
2.135174e+03,-4.128496e+03,3.681606e+06,0.000000e+00,0.000000e+00,-1.663161e+00,-2.743054e+00
-2.513486e+03,-4.165956e+03,3.885038e+06,0.000000e+00,0.000000e+00,-3.499494e+00,3.996381e+00
-2.827583e+03,-3.183975e+03,9.702012e+05,0.000000e+00,0.000000e+00,-2.825777e+00,-2.827210e+00
3.082286e+03,3.985847e+03,2.565751e+06,0.000000e+00,0.000000e+00,-1.258400e-02,-1.501407e+00
-4.152027e+03,-3.126090e+03,2.405817e+06,0.000000e+00,0.000000e+00,3.958890e+00,-2.937964e+00
1.647273e+03,-4.275916e+03,4.836459e+06,0.000000e+00,0.000000e+00,-2.431949e+00,-3.760012e+00
-4.519121e+03,-2.861237e+03,3.098917e+06,0.000000e+00,0.000000e+00,1.814922e+00,3.386771e+00
1.459073e+03,2.637702e+03,3.426901e+06,0.000000e+00,0.000000e+00,-3.329360e+00,3.441627e+00
3.432764e+03,4.463225e+03,4.213502e+06,0.000000e+00,0.000000e+00,-2.513316e+00,-1.305888e+00
1.939365e+03,4.909448e+03,4.050300e+06,0.000000e+00,0.000000e+00,1.631657e+00,3.261077e+00
-1.075058e+03,1.496356e+03,2.125674e+06,0.000000e+00,0.000000e+00,-2.745821e+00,9.850450e-01
-4.349499e+03,-2.036501e+03,3.765337e+06,0.000000e+00,0.000000e+00,2.867883e+00,5.125630e-01
4.642541e+03,-2.815941e+03,3.738729e+06,0.000000e+00,0.000000e+00,-1.525448e+00,1.798589e+00
-1.107087e+03,3.192417e+03,4.976316e+06,0.000000e+00,0.000000e+00,-1.290653e+00,-2.008755e+00
-1.152498e+03,-3.949594e+01,5.958743e+05,0.000000e+00,0.000000e+00,4.549907e+00,2.819960e-01
-4.945860e+02,-2.507356e+03,1.936763e+06,0.000000e+00,0.000000e+00,-2.803333e+00,4.378822e+00
4.865243e+03,1.346699e+02,4.198146e+06,0.000000e+00,0.000000e+00,1.303195e+00,2.799802e+00
-3.722815e+03,6.485165e+02,2.308712e+06,0.000000e+00,0.000000e+00,-1.271000e-01,3.825421e+00
3.842722e+03,4.627246e+03,2.557655e+06,0.000000e+00,0.000000e+00,-2.165418e+00,-4.184874e+00
4.826867e+03,-4.843073e+03,3.734147e+06,0.000000e+00,0.000000e+00,4.436579e+00,-4.424621e+00
-4.610104e+03,-2.012090e+03,3.903632e+06,0.000000e+00,0.000000e+00,1.520772e+00,-3.815200e-01
-2.200723e+03,2.444540e+03,1.946364e+05,0.000000e+00,0.000000e+00,-2.659083e+00,-1.199736e+00
-3.959542e+03,1.979012e+03,3.124756e+06,0.000000e+00,0.000000e+00,3.674600e-01,-4.106635e+00
-2.199102e+02,3.969764e+03,2.412415e+06,0.000000e+00,0.000000e+00,-4.247206e+00,-2.783060e+00
-4.889392e+03,3.994203e+03,2.785893e+06,0.000000e+00,0.000000e+00,-1.732490e-01,-1.797278e+00
3.140273e+03,-1.434347e+03,3.965349e+06,0.000000e+00,0.000000e+00,-3.925449e+00,4.973880e+00
-3.998192e+03,2.395294e+03,1.351217e+06,0.000000e+00,0.000000e+00,4.656625e+00,3.893301e+00
4.718239e+03,-5.511800e+02,6.585680e+05,0.000000e+00,0.000000e+00,1.937496e+00,3.489237e+00
3.604044e+03,3.168854e+03,1.961230e+06,0.000000e+00,0.000000e+00,-3.924070e-01,4.809372e+00
1.112407e+03,-3.770044e+03,9.381995e+05,0.000000e+00,0.000000e+00,1.468883e+00,-2.486916e+00
2.398378e+03,-4.685403e+02,1.216613e+05,0.000000e+00,0.000000e+00,4.354793e+00,1.005884e+00
-4.108831e+03,2.874298e+03,1.661070e+06,0.000000e+00,0.000000e+00,3.563700e-02,-1.049800e+00
-3.984784e+03,-2.259665e+03,3.406665e+06,0.000000e+00,0.000000e+00,-3.521147e+00,7.428000e-02
-1.576590e+03,2.248724e+03,4.652015e+06,0.000000e+00,0.000000e+00,-2.326479e+00,-1.132689e+00
2.891513e+03,-2.338877e+03,2.747115e+06,0.000000e+00,0.000000e+00,-3.633527e+00,1.316395e+00
4.643326e+03,3.816654e+02,4.824802e+06,0.000000e+00,0.000000e+00,-4.270630e+00,3.516052e+00
4.285361e+03,4.068322e+03,6.444770e+05,0.000000e+00,0.000000e+00,-1.718598e+00,-4.479593e+00
1.477927e+03,-4.862248e+02,1.509983e+06,0.000000e+00,0.000000e+00,1.413056e+00,-7.680220e-01
1.860590e+03,9.286654e+02,1.539948e+06,0.000000e+00,0.000000e+00,-1.351925e+00,-1.809310e+00
9.303703e+02,-3.266602e+03,1.610573e+06,0.000000e+00,0.000000e+00,2.616045e+00,-2.139138e+00
-2.495350e+03,6.461601e+02,2.506354e+06,0.000000e+00,0.000000e+00,3.419024e+00,3.540878e+00
1.542134e+03,-1.356300e+03,4.834815e+06,0.000000e+00,0.000000e+00,2.317798e+00,-4.775409e+00
-2.911565e+02,-3.467550e+03,2.942661e+06,0.000000e+00,0.000000e+00,-5.609620e-01,1.918605e+00
-4.009659e+03,-3.393018e+02,1.177454e+06,0.000000e+00,0.000000e+00,3.754600e+00,3.563014e+00
3.571884e+03,2.648957e+03,3.007204e+06,0.000000e+00,0.000000e+00,-1.028166e+00,-3.827810e-01
-3.406192e+03,2.122944e+03,2.662419e+06,0.000000e+00,0.000000e+00,-6.050280e-01,1.298168e+00
-1.685306e+03,-4.938175e+03,4.543902e+06,0.000000e+00,0.000000e+00,3.548809e+00,4.838742e+00
4.736152e+03,5.038097e+02,1.264596e+06,0.000000e+00,0.000000e+00,2.965041e+00,3.451403e+00
-2.266231e+03,1.449540e+03,3.706614e+06,0.000000e+00,0.000000e+00,-1.044813e+00,-1.714130e-01
-9.326608e+02,4.769239e+03,8.033220e+05,0.000000e+00,0.000000e+00,-2.303549e+00,4.245716e+00
-2.251773e+03,4.443435e+03,2.906638e+06,0.000000e+00,0.000000e+00,-1.440769e+00,4.989560e+00
-4.687641e+02,1.482273e+03,3.777666e+06,0.000000e+00,0.000000e+00,-2.687750e+00,-3.016228e+00
-3.749313e+03,-4.704452e+03,3.637439e+06,0.000000e+00,0.000000e+00,3.721862e+00,3.334427e+00
1.722262e+03,-3.945038e+03,3.735508e+05,0.000000e+00,0.000000e+00,1.367552e+00,4.449975e+00
7.253870e+02,1.579111e+03,2.562759e+06,0.000000e+00,0.000000e+00,-5.730550e-01,-1.333614e+00
-4.044539e+03,3.434335e+03,2.935916e+06,0.000000e+00,0.000000e+00,2.700903e+00,4.081420e+00
-3.579237e+03,3.756237e+03,3.040739e+06,0.000000e+00,0.000000e+00,-3.780470e+00,1.634433e+00
-8.374424e+01,2.510644e+03,6.957303e+05,0.000000e+00,0.000000e+00,1.109772e+00,1.931219e+00
-1.996681e+03,1.780248e+03,2.811441e+06,0.000000e+00,0.000000e+00,-1.391150e+00,-1.065403e+00
3.777062e+03,1.073022e+03,4.641271e+06,0.000000e+00,0.000000e+00,-3.491506e+00,-1.749690e+00
2.967114e+03,-1.706775e+03,4.617962e+06,0.000000e+00,0.000000e+00,3.003154e+00,4.003021e+00
-1.218940e+03,3.282242e+03,4.821022e+06,0.000000e+00,0.000000e+00,-1.340970e+00,2.310958e+00
2.652448e+02,-2.030611e+03,3.262114e+06,0.000000e+00,0.000000e+00,-2.480475e+00,6.635180e-01
1.739204e+03,7.952589e+02,4.583751e+05,0.000000e+00,0.000000e+00,2.652557e+00,1.520136e+00
-1.072653e+03,1.919162e+03,1.751095e+05,0.000000e+00,0.000000e+00,9.630500e-01,-4.016077e+00
1.793373e+03,1.212924e+03,3.105954e+05,0.000000e+00,0.000000e+00,-4.812728e+00,2.483889e+00
-3.284570e+03,-3.760810e+03,3.534185e+06,0.000000e+00,0.000000e+00,2.938955e+00,-4.979142e+00
-4.435164e+03,-1.794017e+03,1.481961e+06,0.000000e+00,0.000000e+00,-5.437820e-01,6.566110e-01
-4.337827e+03,4.144280e+03,3.956227e+06,0.000000e+00,0.000000e+00,-5.385700e-01,-1.744560e+00
-8.134538e+02,-1.717562e+03,3.968023e+06,0.000000e+00,0.000000e+00,-4.059008e+00,2.569900e-01
-7.739806e+02,1.708107e+03,1.580682e+06,0.000000e+00,0.000000e+00,-2.107179e+00,4.639877e+00
2.406974e+03,4.014767e+03,5.943173e+05,0.000000e+00,0.000000e+00,2.212315e+00,2.369835e+00
-1.899138e+02,-1.880573e+03,4.108045e+06,0.000000e+00,0.000000e+00,2.671568e+00,1.035026e+00
-4.310459e+03,4.108062e+03,4.602775e+06,0.000000e+00,0.000000e+00,2.520314e+00,-1.081783e+00
-1.520486e+03,-4.809098e+03,4.243463e+06,0.000000e+00,0.000000e+00,4.582002e+00,-2.966950e-01
3.454145e+03,3.809326e+03,4.173331e+06,0.000000e+00,0.000000e+00,-2.821849e+00,3.184849e+00
-2.235975e+03,-3.172638e+01,8.873598e+05,0.000000e+00,0.000000e+00,2.545075e+00,-4.917180e+00
-3.043443e+03,-1.151134e+03,3.948705e+06,0.000000e+00,0.000000e+00,-3.381795e+00,2.179770e+00
-4.603373e+03,1.103443e+03,2.796049e+05,0.000000e+00,0.000000e+00,3.471149e+00,-4.003130e-01
1.941336e+03,-1.970766e+03,1.171610e+06,0.000000e+00,0.000000e+00,-2.653772e+00,-1.937646e+00
3.975567e+03,-2.639757e+03,4.299569e+06,0.000000e+00,0.000000e+00,5.403170e-01,1.101192e+00
-2.258599e+03,-2.749377e+02,2.061159e+06,0.000000e+00,0.000000e+00,-1.361132e+00,3.461335e+00
4.658955e+03,3.056218e+03,4.319921e+05,0.000000e+00,0.000000e+00,-4.187076e+00,-2.182233e+00
3.210489e+03,-1.311153e+03,4.226126e+06,0.000000e+00,0.000000e+00,1.846121e+00,-2.241636e+00
4.818094e+03,-2.299931e+03,2.787711e+04,0.000000e+00,0.000000e+00,1.892942e+00,4.680305e+00
1.886797e+03,1.389527e+03,4.390914e+06,0.000000e+00,0.000000e+00,1.024315e+00,-4.342779e+00
9.060688e+02,-1.702508e+03,4.703247e+05,0.000000e+00,0.000000e+00,4.325854e+00,4.628653e+00
3.770735e+03,4.745378e+03,2.848152e+05,0.000000e+00,0.000000e+00,-1.389890e+00,1.150220e-01
3.177735e+03,-1.799575e+03,4.774032e+06,0.000000e+00,0.000000e+00,-8.445700e-01,-4.693322e+00
-6.584704e+02,3.087839e+03,1.153038e+06,0.000000e+00,0.000000e+00,3.040509e+00,1.840311e+00
1.146242e+02,-3.511228e+03,8.995215e+05,0.000000e+00,0.000000e+00,1.347334e+00,4.647179e+00
-4.868121e+03,1.493751e+03,2.328544e+05,0.000000e+00,0.000000e+00,1.998500e+00,-1.218667e+00
-2.137062e+03,2.394056e+03,9.490336e+05,0.000000e+00,0.000000e+00,-4.353329e+00,3.601630e+00
2.591555e+03,-3.732359e+03,2.624836e+06,0.000000e+00,0.000000e+00,-3.943110e+00,-1.855731e+00
7.261930e+02,-4.874852e+03,1.679996e+06,0.000000e+00,0.000000e+00,-3.769293e+00,-5.122780e-01
1.453188e+02,2.373216e+03,8.172338e+05,0.000000e+00,0.000000e+00,-4.669847e+00,3.886570e+00
1.578915e+03,-3.178002e+03,1.163290e+06,0.000000e+00,0.000000e+00,-2.340112e+00,-2.652240e-01
2.383424e+03,-1.800728e+03,8.420457e+04,0.000000e+00,0.000000e+00,-4.715570e+00,-4.592141e+00
-1.151393e+02,4.854559e+03,2.784445e+06,0.000000e+00,0.000000e+00,1.161839e+00,-2.971598e+00
-3.645508e+03,-6.015620e+01,1.977381e+06,0.000000e+00,0.000000e+00,2.526820e+00,-1.742865e+00
-2.328209e+03,-2.069467e+02,3.423486e+06,0.000000e+00,0.000000e+00,1.893647e+00,-3.467363e+00
4.028538e+03,-2.354488e+03,1.564057e+06,0.000000e+00,0.000000e+00,-9.436760e-01,-3.614120e-01
-4.256690e+03,-2.186636e+03,2.105306e+06,0.000000e+00,0.000000e+00,2.594396e+00,4.009824e+00
3.118759e+03,-3.024816e+03,3.459767e+06,0.000000e+00,0.000000e+00,1.444838e+00,3.384811e+00
-1.483524e+03,-3.589395e+03,4.021862e+06,0.000000e+00,0.000000e+00,-4.291650e+00,2.412570e-01
4.804855e+03,-4.794452e+03,2.319028e+06,0.000000e+00,0.000000e+00,-3.358836e+00,-1.949624e+00
2.664836e+03,-2.095533e+03,2.692526e+06,0.000000e+00,0.000000e+00,1.395467e+00,3.616081e+00
-4.534841e+03,2.931886e+03,5.999564e+05,0.000000e+00,0.000000e+00,1.765334e+00,-2.427300e-02
2.036532e+03,-2.001914e+03,4.412547e+06,0.000000e+00,0.000000e+00,-1.816995e+00,1.760372e+00
-3.429499e+03,4.051800e+02,2.429865e+06,0.000000e+00,0.000000e+00,2.301682e+00,4.372265e+00
4.659633e+03,4.447734e+03,4.030380e+06,0.000000e+00,0.000000e+00,2.027539e+00,-3.155714e+00
1.907560e+03,3.533232e+02,1.651246e+06,0.000000e+00,0.000000e+00,-1.925350e-01,4.055951e+00
-1.631078e+03,-3.521082e+03,3.083895e+06,0.000000e+00,0.000000e+00,-3.116831e+00,-4.575659e+00
-3.099547e+03,-4.088068e+03,3.422417e+06,0.000000e+00,0.000000e+00,-4.034709e+00,-1.360636e+00
1.788044e+03,1.657894e+03,4.613336e+06,0.000000e+00,0.000000e+00,-2.501169e+00,2.859824e+00
-4.935123e+03,-4.610982e+03,4.113537e+06,0.000000e+00,0.000000e+00,-2.722695e+00,-3.411010e-01
-2.876333e+03,-2.521172e+03,8.303840e+05,0.000000e+00,0.000000e+00,-2.638702e+00,1.330315e+00
-1.393000e+03,-2.149002e+03,3.360396e+06,0.000000e+00,0.000000e+00,1.195126e+00,-3.513922e+00
1.510025e+03,-1.002070e+03,1.608568e+06,0.000000e+00,0.000000e+00,-4.759525e+00,-3.334327e+00
-3.700976e+01,-2.023041e+03,1.873473e+06,0.000000e+00,0.000000e+00,-2.346450e-01,-3.680743e+00
-2.243795e+03,-1.461902e+03,2.406992e+06,0.000000e+00,0.000000e+00,3.468124e+00,-1.245103e+00
3.546885e+03,2.493062e+03,2.948084e+06,0.000000e+00,0.000000e+00,1.711657e+00,-2.187546e+00
3.921868e+03,4.840636e+03,7.844898e+05,0.000000e+00,0.000000e+00,4.672547e+00,1.504572e+00
-2.661376e+03,2.575087e+02,1.474533e+06,0.000000e+00,0.000000e+00,-2.193620e-01,3.185314e+00
-4.429641e+03,1.019679e+03,1.373645e+06,0.000000e+00,0.000000e+00,-1.467339e+00,-1.563896e+00
-4.392632e+03,3.030863e+03,2.360302e+06,0.000000e+00,0.000000e+00,4.025243e+00,2.261897e+00
-4.291202e+03,-2.230402e+03,4.317018e+06,0.000000e+00,0.000000e+00,-2.922927e+00,4.372946e+00
-3.897824e+03,-7.291116e+02,4.110377e+05,0.000000e+00,0.000000e+00,1.452917e+00,-8.162560e-01
1.185931e+03,1.934460e+03,3.730894e+06,0.000000e+00,0.000000e+00,-4.882382e+00,1.804461e+00
-2.418684e+03,-8.143005e+02,4.526037e+06,0.000000e+00,0.000000e+00,3.037366e+00,-9.921420e-01
-4.931881e+03,-1.310776e+02,9.889923e+05,0.000000e+00,0.000000e+00,-1.182523e+00,-4.667272e+00
-2.843000e+03,-2.297999e+03,1.263680e+06,0.000000e+00,0.000000e+00,2.175948e+00,1.162092e+00
1.284147e+03,2.657550e+03,2.229519e+05,0.000000e+00,0.000000e+00,-8.630110e-01,-4.632493e+00
1.693885e+03,-8.772499e+02,5.300774e+05,0.000000e+00,0.000000e+00,2.853564e+00,-1.503270e-01
3.457314e+03,-2.930822e+03,3.335889e+06,0.000000e+00,0.000000e+00,-2.595354e+00,-1.103880e-01
4.712718e+03,-3.356110e+03,4.428045e+06,0.000000e+00,0.000000e+00,-8.609870e-01,-6.021090e-01
3.581553e+02,-4.834412e+02,4.902140e+06,0.000000e+00,0.000000e+00,-4.627738e+00,1.614889e+00
1.446199e+03,-3.734877e+03,1.462372e+06,0.000000e+00,0.000000e+00,1.013989e+00,2.117891e+00
-4.600748e+03,-4.767105e+03,2.134961e+06,0.000000e+00,0.000000e+00,-5.833350e-01,-4.112455e+00
1.975518e+03,2.538897e+03,3.117212e+06,0.000000e+00,0.000000e+00,-3.215826e+00,1.604448e+00
-4.049097e+03,-3.165706e+03,4.489013e+06,0.000000e+00,0.000000e+00,-1.497708e+00,-1.979272e+00
4.378298e+03,-3.952806e+03,9.670053e+04,0.000000e+00,0.000000e+00,-4.676289e+00,-4.386944e+00
-1.374262e+03,2.772357e+03,4.495756e+03,0.000000e+00,0.000000e+00,-4.047729e+00,-1.805200e-01
-4.007365e+03,-1.783007e+03,4.003341e+06,0.000000e+00,0.000000e+00,3.150181e+00,-4.908071e+00
5.630523e+01,-3.677965e+03,4.717202e+06,0.000000e+00,0.000000e+00,-1.155103e+00,-3.811284e+00
3.757944e+03,-2.323850e+02,4.652588e+06,0.000000e+00,0.000000e+00,-3.066019e+00,-5.822030e-01
4.921275e+03,1.876283e+03,4.841242e+06,0.000000e+00,0.000000e+00,-1.644749e+00,-3.294440e+00
3.455975e+02,-1.542463e+03,4.128638e+05,0.000000e+00,0.000000e+00,2.837010e+00,1.625220e+00
-4.926816e+03,4.995167e+03,4.384475e+06,0.000000e+00,0.000000e+00,4.566194e+00,4.020139e+00
-3.516753e+03,3.927813e+03,4.880616e+06,0.000000e+00,0.000000e+00,1.871617e+00,-3.726084e+00
-4.290639e+03,-2.770904e+03,2.206216e+06,0.000000e+00,0.000000e+00,4.561851e+00,1.027898e+00
-4.120981e+03,-1.329372e+03,1.119178e+06,0.000000e+00,0.000000e+00,4.870255e+00,4.370587e+00
-3.551533e+03,-6.095408e+02,2.241081e+05,0.000000e+00,0.000000e+00,-1.997496e+00,-1.922707e+00
-4.944254e+03,1.918378e+03,3.589063e+06,0.000000e+00,0.000000e+00,-2.395906e+00,2.002456e+00
-4.724660e+03,2.641670e+03,1.776117e+06,0.000000e+00,0.000000e+00,-2.783601e+00,-3.989189e+00
3.692551e+03,7.076059e+02,3.865936e+06,0.000000e+00,0.000000e+00,4.408110e+00,-2.895263e+00
-6.800657e+02,1.357381e+02,3.175265e+06,0.000000e+00,0.000000e+00,-1.803159e+00,4.301290e+00
1.785327e+03,-4.015153e+03,1.159002e+06,0.000000e+00,0.000000e+00,3.515619e+00,-2.993553e+00
-2.651540e+03,-4.440964e+03,2.863108e+06,0.000000e+00,0.000000e+00,-4.648748e+00,-1.513318e+00
-4.331535e+03,-1.099666e+02,3.395409e+06,0.000000e+00,0.000000e+00,-1.895891e+00,-4.246580e+00
-2.268176e+03,-1.240266e+03,4.928344e+06,0.000000e+00,0.000000e+00,-3.802983e+00,3.265559e+00
4.248737e+03,-1.476951e+03,9.450350e+05,0.000000e+00,0.000000e+00,1.237858e+00,4.674105e+00
-2.314971e+03,2.286009e+03,2.978556e+06,0.000000e+00,0.000000e+00,-3.975639e+00,1.432540e+00
-3.302949e+03,-2.661265e+03,3.557984e+06,0.000000e+00,0.000000e+00,2.912228e+00,-4.179553e+00
4.245640e+03,-3.521445e+03,3.403730e+04,0.000000e+00,0.000000e+00,-1.038154e+00,1.748329e+00
4.160634e+03,-2.217562e+03,2.217097e+06,0.000000e+00,0.000000e+00,3.323050e-01,-4.943669e+00
1.755263e+03,7.086558e+02,2.688759e+06,0.000000e+00,0.000000e+00,4.766769e+00,-4.911629e+00
2.533742e+02,-1.540103e+03,2.451966e+05,0.000000e+00,0.000000e+00,-3.129657e+00,-1.534700e-01
6.337821e+02,1.975751e+03,7.209976e+05,0.000000e+00,0.000000e+00,4.447380e-01,4.714405e+00
-4.988261e+03,2.299873e+03,4.485059e+06,0.000000e+00,0.000000e+00,-4.401432e+00,-4.874759e+00
-6.871706e+01,-4.927568e+03,3.684135e+06,0.000000e+00,0.000000e+00,3.332305e+00,-3.948529e+00
-2.929703e+03,4.777507e+02,2.277893e+06,0.000000e+00,0.000000e+00,3.918315e+00,-4.885284e+00
3.038668e+03,8.849079e+02,3.823663e+06,0.000000e+00,0.000000e+00,3.426054e+00,1.691740e+00
3.076215e+03,1.946271e+03,2.986357e+06,0.000000e+00,0.000000e+00,-1.754937e+00,4.770585e+00
-7.720284e+02,4.519300e+03,4.344992e+05,0.000000e+00,0.000000e+00,8.953800e-02,4.866451e+00
4.454286e+02,-3.682063e+03,2.836030e+05,0.000000e+00,0.000000e+00,-2.137334e+00,-2.171300e+00
-3.039900e+03,-1.605925e+03,2.110092e+06,0.000000e+00,0.000000e+00,3.478956e+00,8.054810e-01
-2.286315e+03,3.901599e+03,4.585931e+06,0.000000e+00,0.000000e+00,-3.680796e+00,-3.141714e+00
-2.792336e+03,-7.846410e+02,3.769249e+06,0.000000e+00,0.000000e+00,4.369748e+00,2.359437e+00
-4.935756e+03,4.747191e+03,5.175125e+05,0.000000e+00,0.000000e+00,4.965030e-01,4.728518e+00
2.200269e+03,-8.518984e+01,1.607158e+06,0.000000e+00,0.000000e+00,-2.148817e+00,4.835443e+00
-7.113265e+02,4.736152e+03,2.751519e+06,0.000000e+00,0.000000e+00,4.375403e+00,-2.595491e+00
-2.413610e+03,4.457045e+03,2.276816e+06,0.000000e+00,0.000000e+00,-2.291244e+00,1.068715e+00
1.898947e+03,-4.401950e+03,7.095208e+05,0.000000e+00,0.000000e+00,4.664997e+00,4.599916e+00
7.885049e+02,2.402063e+03,3.236713e+06,0.000000e+00,0.000000e+00,3.698327e+00,-2.210588e+00
-3.352005e+03,2.847012e+03,2.366843e+06,0.000000e+00,0.000000e+00,3.878052e+00,-1.585414e+00
3.940122e+03,1.633998e+03,3.801340e+06,0.000000e+00,0.000000e+00,3.078380e+00,-1.670034e+00
1.734492e+03,1.603202e+03,1.144450e+04,0.000000e+00,0.000000e+00,-4.727120e-01,-4.877747e+00
-2.964766e+02,-2.882801e+03,1.877849e+06,0.000000e+00,0.000000e+00,-3.138348e+00,3.785897e+00
-4.373522e+02,-5.784060e+02,1.865228e+06,0.000000e+00,0.000000e+00,2.616793e+00,4.348630e-01
-1.254164e+03,1.268905e+03,7.438295e+05,0.000000e+00,0.000000e+00,-2.082005e+00,-2.251183e+00
4.363436e+03,-3.724885e+03,4.305880e+05,0.000000e+00,0.000000e+00,-1.381726e+00,-2.667672e+00
4.440535e+03,2.076821e+03,6.476882e+04,0.000000e+00,0.000000e+00,1.971134e+00,-1.156779e+00
-1.986213e+03,-2.279371e+03,2.803861e+06,0.000000e+00,0.000000e+00,3.830242e+00,4.879297e+00
-3.652984e+03,4.302903e+03,1.947783e+06,0.000000e+00,0.000000e+00,-2.378537e+00,3.929864e+00
-7.734036e+02,1.406153e+03,4.105771e+06,0.000000e+00,0.000000e+00,-3.772181e+00,9.508500e-01
9.292135e+02,-2.709495e+03,3.262408e+06,0.000000e+00,0.000000e+00,-2.573778e+00,2.511127e+00
4.512091e+03,4.718749e+03,1.506769e+06,0.000000e+00,0.000000e+00,3.380203e+00,1.065787e+00
2.674606e+03,2.102634e+03,1.982415e+06,0.000000e+00,0.000000e+00,1.727758e+00,-1.578150e+00
-3.961865e+03,2.936151e+03,1.446723e+06,0.000000e+00,0.000000e+00,4.988998e+00,8.574700e-02
1.156518e+03,-2.395928e+03,3.320522e+06,0.000000e+00,0.000000e+00,8.602840e-01,-1.212109e+00
-1.910869e+03,4.025375e+03,4.737798e+06,0.000000e+00,0.000000e+00,1.172174e+00,7.349810e-01
2.823841e+03,2.901755e+02,9.894044e+05,0.000000e+00,0.000000e+00,2.671872e+00,-3.843945e+00
4.810456e+03,-6.614657e+02,3.873186e+06,0.000000e+00,0.000000e+00,-1.893230e+00,4.826070e-01
1.183242e+03,-3.258910e+03,1.252078e+06,0.000000e+00,0.000000e+00,2.184603e+00,-3.382331e+00
3.168880e+03,-6.357520e+02,4.957872e+06,0.000000e+00,0.000000e+00,-1.270190e+00,1.912354e+00
9.405083e+02,-2.877543e+03,1.068739e+06,0.000000e+00,0.000000e+00,-5.736490e-01,-1.319513e+00
2.945436e+03,3.935587e+03,2.045031e+05,0.000000e+00,0.000000e+00,-1.000328e+00,-2.513192e+00
7.835960e+02,-1.019564e+02,7.091891e+05,0.000000e+00,0.000000e+00,3.512812e+00,-1.712990e-01
9.846431e+02,-1.103421e+03,4.899238e+06,0.000000e+00,0.000000e+00,-2.194231e+00,1.563537e+00
-1.630307e+03,-5.664847e+02,2.045807e+06,0.000000e+00,0.000000e+00,2.592733e+00,-3.944793e+00
-1.298206e+02,-1.894898e+03,3.722912e+06,0.000000e+00,0.000000e+00,-3.212113e+00,4.015125e+00
2.204050e+03,3.471659e+03,1.588268e+06,0.000000e+00,0.000000e+00,2.887984e+00,-1.654225e+00
-2.563715e+03,1.634036e+03,4.122534e+06,0.000000e+00,0.000000e+00,-2.999690e-01,-1.585188e+00
-2.262680e+03,1.138049e+03,1.096451e+06,0.000000e+00,0.000000e+00,9.493860e-01,-3.661787e+00
-3.647486e+03,-3.289903e+03,8.031096e+05,0.000000e+00,0.000000e+00,5.574710e-01,-5.784950e-01
-2.758520e+03,-2.447402e+03,7.611628e+05,0.000000e+00,0.000000e+00,5.582380e-01,2.301987e+00
-4.975498e+02,-2.320239e+03,4.368221e+06,0.000000e+00,0.000000e+00,-1.777774e+00,9.516620e-01
4.590924e+03,-3.465119e+02,5.876202e+05,0.000000e+00,0.000000e+00,-2.903493e+00,1.000754e+00
-3.322544e+02,-4.199187e+03,4.631652e+06,0.000000e+00,0.000000e+00,3.186231e+00,9.849410e-01
3.901072e+03,-4.678284e+03,3.536502e+06,0.000000e+00,0.000000e+00,8.038940e-01,1.051984e+00
6.956209e+02,1.300996e+03,4.236484e+05,0.000000e+00,0.000000e+00,-4.651044e+00,-1.044400e-01
4.673532e+03,-1.949231e+03,2.134407e+06,0.000000e+00,0.000000e+00,8.054810e-01,-2.288037e+00
4.963285e+03,-2.061319e+03,2.080924e+05,0.000000e+00,0.000000e+00,-3.505070e-01,-9.633570e-01
-1.134457e+03,3.188250e+03,4.962275e+06,0.000000e+00,0.000000e+00,-3.273000e+00,6.937870e-01
4.755889e+02,3.222639e+03,3.945324e+06,0.000000e+00,0.000000e+00,2.966958e+00,-4.333774e+00
2.261946e+03,-3.479294e+03,4.249875e+06,0.000000e+00,0.000000e+00,1.301510e-01,-2.558241e+00
3.646155e+03,9.281656e+02,2.339692e+06,0.000000e+00,0.000000e+00,1.247793e+00,1.662059e+00
4.224769e+03,-4.308551e+03,5.944539e+05,0.000000e+00,0.000000e+00,-3.193215e+00,1.628364e+00
-2.085519e+03,-1.320627e+03,4.611407e+06,0.000000e+00,0.000000e+00,2.661901e+00,-1.423025e+00
3.221578e+03,-4.936891e+03,3.350563e+05,0.000000e+00,0.000000e+00,-2.585096e+00,2.299440e+00
-3.314051e+03,7.483870e+02,1.569889e+06,0.000000e+00,0.000000e+00,-4.919501e+00,-2.050772e+00
2.674360e+03,-2.032898e+03,4.041099e+06,0.000000e+00,0.000000e+00,2.319457e+00,3.105641e+00
-3.497786e+03,2.712504e+03,2.023896e+06,0.000000e+00,0.000000e+00,-3.916043e+00,3.071939e+00
8.337427e+01,1.271306e+03,9.179398e+05,0.000000e+00,0.000000e+00,4.617440e-01,5.389670e-01
-1.573443e+03,-4.853785e+03,3.714778e+06,0.000000e+00,0.000000e+00,3.373599e+00,7.096500e-02
2.717113e+03,-3.473588e+03,2.204935e+06,0.000000e+00,0.000000e+00,1.524020e+00,4.207876e+00
1.763843e+03,4.903170e+03,1.289223e+06,0.000000e+00,0.000000e+00,7.879020e-01,2.262454e+00
-4.938769e+03,4.111051e+03,4.719003e+06,0.000000e+00,0.000000e+00,-6.017790e-01,-4.106019e+00
1.402461e+02,-2.883181e+03,3.685043e+06,0.000000e+00,0.000000e+00,3.864928e+00,-2.152536e+00
2.333510e+03,-6.950830e+02,1.370370e+06,0.000000e+00,0.000000e+00,-1.556023e+00,-2.076277e+00
4.015350e+03,-4.011822e+03,4.153807e+06,0.000000e+00,0.000000e+00,9.058610e-01,4.813270e+00
-3.367264e+03,-3.607534e+03,1.588216e+06,0.000000e+00,0.000000e+00,1.124312e+00,-3.694783e+00
1.776928e+03,4.826807e+03,4.574059e+06,0.000000e+00,0.000000e+00,-2.752608e+00,-3.089452e+00
-4.426626e+03,1.692994e+03,4.574401e+06,0.000000e+00,0.000000e+00,-1.243776e+00,-4.141232e+00
