0 10
-22.975860 -42.562639 3240765.521256 -2.644276 -4.988403
43.423261 -18.108158 4926455.392163 -2.447127 -1.399731
12.675863 -49.142430 174265.689108 3.575701 -3.213752
-5.198828 -40.853603 4010900.107883 -2.270119 -0.141148
6.328013 29.061251 3304396.613514 4.732658 1.401563
48.507645 -20.320750 341812.306131 3.814051 -4.596240
1.597644 6.724754 128182.739799 -4.819941 -4.253517
-47.354045 -11.986145 1925265.170293 2.205725 1.481216
46.429334 4.588458 4306624.464705 -2.900937 4.013031
2.082888 -26.873074 4747311.741539 -1.273080 1.281930
