3 10
-49.997652 -10.538664 1334084.832925 -1.240496 0.983017
15.687756 -35.886615 182975.753025 -4.621108 3.040787
-34.949377 5.824912 2464485.191685 -3.962837 -3.396151
8.910058 -48.655185 115477.793167 -3.497530 -2.994733
-24.754208 -43.968186 3834654.642852 2.913095 0.385007
8.078633 -22.410533 4808789.434483 -2.520019 -3.964282
23.096249 -21.340588 3936799.904963 -3.576065 -2.917543
48.470268 39.791570 1346162.289271 4.731122 -4.039840
24.111666 44.765086 839911.011634 -2.399325 4.545557
-28.194235 39.490415 3270611.928631 3.181299 -1.907658
