0 10
-2574.217011 -4865.304255 1915699.250220 -0.853473 -4.322310
4931.269297 -156.919535 3826693.830194 -4.681662 -4.690645
4326.404403 3878.795341 2956653.651956 -0.212213 3.333543
-3136.648032 2356.527074 575270.859056 1.986586 -1.443959
1383.000066 4082.105076 1470007.074013 -2.350284 -1.225060
416.201155 -4907.181850 4997331.382435 -4.870981 3.424973
3524.702214 -329.890161 268041.159812 4.767476 -3.032453
3569.729407 -3557.862401 4003315.941161 2.293976 4.857906
-3165.942905 -2.397893 2349315.106295 4.709913 -0.492297
-4042.081227 4740.816466 1951180.305038 1.806704 -4.733307
