134234 20
-32577.496270 470020.190333 1293389276.615720 -1.846646 12.044003
100466.491003 -459685.715828 5621740802.358444 0.071954 -2.401719
22075.790224 27806.289740 8403116575.973357 -0.954326 -0.393073
231742.814990 -98508.469108 8681597057.459417 2.166407 -1.647365
-407014.152457 313139.647158 4380497916.190846 -2.260354 1.250605
37017.371756 150967.095816 8039793804.649828 -1.845169 5.289169
90674.081161 -40717.927059 1537999116.012555 23.716595 -22.389173
475845.787197 -459854.575321 7241525802.751512 0.791596 -0.815621
-64712.686727 373874.176701 2032878064.909157 -2.732693 8.159973
-268830.874827 -240513.219843 1943141004.387550 -10.488963 13.868351
-49449.952109 -105345.103706 9648420149.640104 -2.153825 -2.509206
-296506.320497 -381728.597396 7874635671.550433 -2.618087 -2.436676
417646.394073 382945.182679 6596852819.125295 1.089658 1.116733
-458933.586236 -296783.861610 4536379289.475175 -4.644486 0.494471
210933.101695 152640.180035 9235058464.097080 2.568170 1.713482
-218685.387503 -445307.758611 2125010203.040405 10.482671 -22.098663
-202399.326350 274522.039003 3919095236.182452 -2.949190 2.779782
-202784.249421 -194880.012746 1516257721.117547 -11.146651 3.390859
-125504.947093 -361645.793478 3191490184.482610 4.625985 -5.124206
-228375.970259 -314932.151146 4353356941.179733 4.275808 4.703006
