28842 10
2348.598748 -4621.598841 2254009.612218 -0.907369 -1.302107
-3509.324793 -4044.351996 2823515.031599 -4.603236 4.999594
3533.756611 4401.512169 1251049.604579 -2.728356 -4.135470
-502.713535 1337.006924 995276.837337 -0.377700 2.094852
3865.957455 -302.779644 4729809.764376 -2.463487 4.591619
1432.332129 -4512.702375 2779813.758190 -1.493920 2.934011
-436.408643 -4585.561668 262486.579679 -0.814810 0.906429
-3630.319437 -1479.418029 2480182.680254 -4.585967 2.873562
-1213.376129 3953.119777 1820667.169168 -0.614888 1.451031
-2615.021801 -834.375376 4204467.146947 1.047971 -2.824919
